Car -1 -1 -10 460.685425 180.806992 510.047089 217.979889 -1 -1 -1 -1000 -1000 -1000 -10 0.999796
Car -1 -1 -10 367.903839 191.282761 448.475433 246.301773 -1 -1 -1 -1000 -1000 -1000 -10 0.999753
Car -1 -1 -10 664.812195 171.442078 723.636292 220.992844 -1 -1 -1 -1000 -1000 -1000 -10 0.999429
Car -1 -1 -10 1055.135376 137.781250 1173.753662 180.435120 -1 -1 -1 -1000 -1000 -1000 -10 0.999353
Car -1 -1 -10 421.182983 189.607681 481.028687 231.196228 -1 -1 -1 -1000 -1000 -1000 -10 0.999337
Car -1 -1 -10 37.199146 205.356323 137.837646 244.376022 -1 -1 -1 -1000 -1000 -1000 -10 0.998479
Car -1 -1 -10 526.814758 179.018112 558.846252 198.742493 -1 -1 -1 -1000 -1000 -1000 -10 0.996726
Car -1 -1 -10 110.687164 202.915192 218.729111 240.517822 -1 -1 -1 -1000 -1000 -1000 -10 0.989511
Car -1 -1 -10 625.480835 174.632660 644.659729 193.022064 -1 -1 -1 -1000 -1000 -1000 -10 0.903194
Car -1 -1 -10 486.451508 181.965714 526.488525 209.701462 -1 -1 -1 -1000 -1000 -1000 -10 0.877525
