Car -1 -1 -10 552.424316 179.466782 597.831787 217.319122 -1 -1 -1 -1000 -1000 -1000 -10 0.999820
Pedestrian -1 -1 -10 375.512329 167.806183 418.975342 293.174316 -1 -1 -1 -1000 -1000 -1000 -10 0.999233
Pedestrian -1 -1 -10 866.277832 166.659531 911.551331 292.149963 -1 -1 -1 -1000 -1000 -1000 -10 0.998780
Pedestrian -1 -1 -10 297.574646 170.986221 338.108917 291.371521 -1 -1 -1 -1000 -1000 -1000 -10 0.998693
Pedestrian -1 -1 -10 741.556091 163.492691 789.578369 313.957458 -1 -1 -1 -1000 -1000 -1000 -10 0.998266
Pedestrian -1 -1 -10 916.343018 170.580048 961.076477 295.909027 -1 -1 -1 -1000 -1000 -1000 -10 0.998053
Pedestrian -1 -1 -10 789.137817 174.745773 815.174500 253.599915 -1 -1 -1 -1000 -1000 -1000 -10 0.997114
Pedestrian -1 -1 -10 714.003601 177.253113 750.913330 284.260468 -1 -1 -1 -1000 -1000 -1000 -10 0.996675
Pedestrian -1 -1 -10 695.406006 179.701965 723.065308 273.665253 -1 -1 -1 -1000 -1000 -1000 -10 0.993586
Pedestrian -1 -1 -10 647.013977 171.876404 669.684082 246.221344 -1 -1 -1 -1000 -1000 -1000 -10 0.978427
