Car -1 -1 -10 775.290833 156.288879 907.044495 195.138702 -1 -1 -1 -1000 -1000 -1000 -10 0.999880
Car -1 -1 -10 391.142517 187.540665 466.573486 236.933655 -1 -1 -1 -1000 -1000 -1000 -10 0.999876
Car -1 -1 -10 466.475861 182.278336 513.839722 217.963974 -1 -1 -1 -1000 -1000 -1000 -10 0.999871
Car -1 -1 -10 311.047394 187.225281 427.879272 260.910767 -1 -1 -1 -1000 -1000 -1000 -10 0.999721
Car -1 -1 -10 496.724274 181.042862 536.998596 209.924622 -1 -1 -1 -1000 -1000 -1000 -10 0.999246
Car -1 -1 -10 1120.167725 136.753052 1216.000000 175.066742 -1 -1 -1 -1000 -1000 -1000 -10 0.997982
Car -1 -1 -10 661.183838 170.988434 713.578247 204.445847 -1 -1 -1 -1000 -1000 -1000 -10 0.997569
Car -1 -1 -10 438.077301 185.617355 490.315277 224.835602 -1 -1 -1 -1000 -1000 -1000 -10 0.996873
Car -1 -1 -10 1065.723511 137.943115 1169.024048 171.257706 -1 -1 -1 -1000 -1000 -1000 -10 0.990704
Car -1 -1 -10 1027.213989 143.032898 1107.781128 171.058441 -1 -1 -1 -1000 -1000 -1000 -10 0.970643
