Car -1 -1 -10 840.404236 157.170837 1014.961792 217.125336 -1 -1 -1 -1000 -1000 -1000 -10 0.999793
Car -1 -1 -10 379.337311 190.269531 467.581909 243.455460 -1 -1 -1 -1000 -1000 -1000 -10 0.999773
Car -1 -1 -10 480.290955 184.460251 524.173218 214.428833 -1 -1 -1 -1000 -1000 -1000 -10 0.999722
Car -1 -1 -10 697.848389 176.709839 809.049377 241.592560 -1 -1 -1 -1000 -1000 -1000 -10 0.999706
Car -1 -1 -10 252.659836 197.015869 396.155914 277.208313 -1 -1 -1 -1000 -1000 -1000 -10 0.999679
Car -1 -1 -10 0.000000 209.707062 274.742126 352.000000 -1 -1 -1 -1000 -1000 -1000 -10 0.999608
Car -1 -1 -10 439.659882 186.717468 495.585205 225.905350 -1 -1 -1 -1000 -1000 -1000 -10 0.999449
Car -1 -1 -10 659.841614 178.575073 714.952881 215.409882 -1 -1 -1 -1000 -1000 -1000 -10 0.999445
Car -1 -1 -10 1040.292358 138.787628 1216.000000 238.356125 -1 -1 -1 -1000 -1000 -1000 -10 0.998468
Car -1 -1 -10 588.736328 175.651443 616.137268 193.962479 -1 -1 -1 -1000 -1000 -1000 -10 0.996549
Car -1 -1 -10 643.039490 176.723206 674.746033 201.960342 -1 -1 -1 -1000 -1000 -1000 -10 0.990185
Car -1 -1 -10 514.108398 182.241440 544.242798 204.167877 -1 -1 -1 -1000 -1000 -1000 -10 0.870837
Car -1 -1 -10 1031.681763 133.578964 1163.244263 187.054840 -1 -1 -1 -1000 -1000 -1000 -10 0.727383
