Car -1 -1 -10 1027.165283 187.554077 1121.180664 219.105377 -1 -1 -1 -1000 -1000 -1000 -10 0.793466
Pedestrian -1 -1 -10 578.068848 151.730347 628.041199 302.082520 -1 -1 -1 -1000 -1000 -1000 -10 0.999780
Pedestrian -1 -1 -10 657.309448 156.070786 705.142212 288.697845 -1 -1 -1 -1000 -1000 -1000 -10 0.999324
Pedestrian -1 -1 -10 529.255127 153.003540 565.460999 275.749115 -1 -1 -1 -1000 -1000 -1000 -10 0.999283
Pedestrian -1 -1 -10 779.493530 144.266937 851.936707 303.480774 -1 -1 -1 -1000 -1000 -1000 -10 0.999034
Pedestrian -1 -1 -10 449.295349 157.172043 484.512146 265.633209 -1 -1 -1 -1000 -1000 -1000 -10 0.996295
Pedestrian -1 -1 -10 617.097839 161.818390 674.198792 287.678925 -1 -1 -1 -1000 -1000 -1000 -10 0.995725
Pedestrian -1 -1 -10 266.693054 152.181015 286.281250 209.646866 -1 -1 -1 -1000 -1000 -1000 -10 0.978015
Pedestrian -1 -1 -10 472.708435 162.919739 507.912415 271.705811 -1 -1 -1 -1000 -1000 -1000 -10 0.893815
Pedestrian -1 -1 -10 252.579117 156.760010 275.361694 212.772369 -1 -1 -1 -1000 -1000 -1000 -10 0.747020
