Car -1 -1 -10 357.992767 176.633072 451.482605 243.952591 -1 -1 -1 -1000 -1000 -1000 -10 0.999673
Car -1 -1 -10 167.679398 198.681122 365.436523 298.430420 -1 -1 -1 -1000 -1000 -1000 -10 0.999649
Car -1 -1 -10 729.872620 177.786850 929.781311 304.556305 -1 -1 -1 -1000 -1000 -1000 -10 0.999643
Car -1 -1 -10 546.384094 177.044159 581.903687 201.062073 -1 -1 -1 -1000 -1000 -1000 -10 0.999590
Car -1 -1 -10 468.221130 180.033981 517.659607 214.545273 -1 -1 -1 -1000 -1000 -1000 -10 0.999354
Car -1 -1 -10 418.885620 180.379013 484.237915 226.199524 -1 -1 -1 -1000 -1000 -1000 -10 0.998747
Car -1 -1 -10 694.143494 168.121902 763.930237 193.445267 -1 -1 -1 -1000 -1000 -1000 -10 0.998618
Car -1 -1 -10 635.870117 172.975418 666.704102 194.137817 -1 -1 -1 -1000 -1000 -1000 -10 0.998215
Car -1 -1 -10 515.653931 179.306335 546.603882 201.519043 -1 -1 -1 -1000 -1000 -1000 -10 0.978368
Car -1 -1 -10 917.862488 167.353058 1038.167603 216.989563 -1 -1 -1 -1000 -1000 -1000 -10 0.978351
