Car -1 -1 -10 530.963684 166.946014 569.816284 200.802307 -1 -1 -1 -1000 -1000 -1000 -10 0.994758
Car -1 -1 -10 426.545441 165.224609 512.088623 228.339203 -1 -1 -1 -1000 -1000 -1000 -10 0.990070
Pedestrian -1 -1 -10 750.833618 156.094742 818.389832 352.000000 -1 -1 -1 -1000 -1000 -1000 -10 0.999515
Pedestrian -1 -1 -10 837.128235 152.245819 909.139526 344.618896 -1 -1 -1 -1000 -1000 -1000 -10 0.998952
Pedestrian -1 -1 -10 365.880951 170.955078 407.257690 277.775299 -1 -1 -1 -1000 -1000 -1000 -10 0.998783
Pedestrian -1 -1 -10 1086.926636 143.554810 1176.476562 297.289856 -1 -1 -1 -1000 -1000 -1000 -10 0.993765
Pedestrian -1 -1 -10 5.912411 182.095734 81.845291 346.444946 -1 -1 -1 -1000 -1000 -1000 -10 0.992810
Pedestrian -1 -1 -10 1009.850769 157.288956 1048.256958 265.847198 -1 -1 -1 -1000 -1000 -1000 -10 0.951017
Pedestrian -1 -1 -10 657.874390 174.665634 677.468872 233.036392 -1 -1 -1 -1000 -1000 -1000 -10 0.893833
Pedestrian -1 -1 -10 699.495972 186.482269 718.682800 225.046692 -1 -1 -1 -1000 -1000 -1000 -10 0.735013
