Car -1 -1 -10 698.584961 175.739243 797.804443 242.472672 -1 -1 -1 -1000 -1000 -1000 -10 0.999871
Car -1 -1 -10 730.407166 178.712997 894.697693 274.883636 -1 -1 -1 -1000 -1000 -1000 -10 0.999830
Car -1 -1 -10 402.466766 187.234787 475.141815 235.668625 -1 -1 -1 -1000 -1000 -1000 -10 0.999772
Car -1 -1 -10 315.308411 191.258850 437.531982 259.331818 -1 -1 -1 -1000 -1000 -1000 -10 0.999768
Car -1 -1 -10 667.988586 180.274811 726.987610 218.453217 -1 -1 -1 -1000 -1000 -1000 -10 0.999652
Car -1 -1 -10 464.579529 185.570328 515.513550 218.443542 -1 -1 -1 -1000 -1000 -1000 -10 0.999586
Car -1 -1 -10 62.402168 204.012451 322.713074 327.617981 -1 -1 -1 -1000 -1000 -1000 -10 0.999476
Car -1 -1 -10 507.657990 180.194794 544.974365 205.346573 -1 -1 -1 -1000 -1000 -1000 -10 0.999446
Car -1 -1 -10 578.166748 174.356903 609.050903 194.457947 -1 -1 -1 -1000 -1000 -1000 -10 0.997767
Car -1 -1 -10 649.887390 178.740540 689.568848 205.895081 -1 -1 -1 -1000 -1000 -1000 -10 0.992400
Car -1 -1 -10 1035.768921 151.856720 1216.000000 238.580460 -1 -1 -1 -1000 -1000 -1000 -10 0.989181
