Car -1 -1 -10 317.905823 193.354889 421.519226 260.470337 -1 -1 -1 -1000 -1000 -1000 -10 0.999772
Car -1 -1 -10 452.406860 185.987656 507.881470 221.901031 -1 -1 -1 -1000 -1000 -1000 -10 0.999746
Car -1 -1 -10 206.001999 198.870209 364.821106 292.992371 -1 -1 -1 -1000 -1000 -1000 -10 0.999706
Car -1 -1 -10 393.516693 189.320541 465.643372 238.192993 -1 -1 -1 -1000 -1000 -1000 -10 0.999649
Car -1 -1 -10 660.144104 175.379395 735.239502 216.820404 -1 -1 -1 -1000 -1000 -1000 -10 0.999210
Car -1 -1 -10 1148.999512 135.925735 1216.000000 177.248978 -1 -1 -1 -1000 -1000 -1000 -10 0.999046
Car -1 -1 -10 836.424194 151.470093 1012.954041 208.668976 -1 -1 -1 -1000 -1000 -1000 -10 0.999007
Car -1 -1 -10 503.278198 180.301071 544.241455 206.179810 -1 -1 -1 -1000 -1000 -1000 -10 0.998489
Car -1 -1 -10 771.898010 157.241714 914.476135 203.953400 -1 -1 -1 -1000 -1000 -1000 -10 0.997043
Car -1 -1 -10 602.104248 172.619308 622.158875 192.127884 -1 -1 -1 -1000 -1000 -1000 -10 0.924139
Car -1 -1 -10 24.681061 224.705505 230.805618 350.092102 -1 -1 -1 -1000 -1000 -1000 -10 0.903022
