Car -1 -1 -10 431.094421 188.598206 494.327362 229.062195 -1 -1 -1 -1000 -1000 -1000 -10 0.999809
Car -1 -1 -10 356.365387 191.757568 444.427917 249.615631 -1 -1 -1 -1000 -1000 -1000 -10 0.999789
Car -1 -1 -10 247.189545 200.233978 383.208435 281.257019 -1 -1 -1 -1000 -1000 -1000 -10 0.999778
Car -1 -1 -10 675.744385 177.146072 751.900146 223.833389 -1 -1 -1 -1000 -1000 -1000 -10 0.999684
Car -1 -1 -10 34.429077 209.301392 304.001892 342.166687 -1 -1 -1 -1000 -1000 -1000 -10 0.999531
Car -1 -1 -10 794.369446 157.129745 953.509033 208.085983 -1 -1 -1 -1000 -1000 -1000 -10 0.999043
Car -1 -1 -10 886.862000 146.427368 1099.933472 215.349731 -1 -1 -1 -1000 -1000 -1000 -10 0.998612
Car -1 -1 -10 598.072998 173.863007 620.292725 192.834106 -1 -1 -1 -1000 -1000 -1000 -10 0.986483
Car -1 -1 -10 493.444427 184.231171 532.471924 209.021912 -1 -1 -1 -1000 -1000 -1000 -10 0.956994
Car -1 -1 -10 658.149536 176.965332 712.821167 209.853973 -1 -1 -1 -1000 -1000 -1000 -10 0.885847
Car -1 -1 -10 520.382141 183.054901 551.368530 203.616089 -1 -1 -1 -1000 -1000 -1000 -10 0.860892
