Car -1 -1 -10 769.054443 159.560806 870.327942 192.403107 -1 -1 -1 -1000 -1000 -1000 -10 0.999936
Car -1 -1 -10 350.885315 186.117538 449.434906 248.882660 -1 -1 -1 -1000 -1000 -1000 -10 0.999790
Car -1 -1 -10 412.157837 186.071350 482.761414 232.097626 -1 -1 -1 -1000 -1000 -1000 -10 0.999752
Car -1 -1 -10 476.068665 182.262512 524.058289 215.256424 -1 -1 -1 -1000 -1000 -1000 -10 0.999724
Car -1 -1 -10 1012.129822 144.511505 1095.587524 174.808487 -1 -1 -1 -1000 -1000 -1000 -10 0.998352
Car -1 -1 -10 504.985382 180.902908 545.195557 208.214020 -1 -1 -1 -1000 -1000 -1000 -10 0.996806
Car -1 -1 -10 658.582520 171.374298 708.898315 202.065170 -1 -1 -1 -1000 -1000 -1000 -10 0.995255
Car -1 -1 -10 824.837402 162.942001 880.504944 185.145844 -1 -1 -1 -1000 -1000 -1000 -10 0.992234
Car -1 -1 -10 1081.196289 143.675537 1204.617310 178.791672 -1 -1 -1 -1000 -1000 -1000 -10 0.990036
Car -1 -1 -10 25.034149 202.140106 265.219604 343.475464 -1 -1 -1 -1000 -1000 -1000 -10 0.979081
Car -1 -1 -10 450.767242 186.493042 497.620514 220.483261 -1 -1 -1 -1000 -1000 -1000 -10 0.867500
Car -1 -1 -10 541.330078 175.396042 568.769470 196.708252 -1 -1 -1 -1000 -1000 -1000 -10 0.803681
