Car -1 -1 -10 242.879852 170.482849 436.574463 253.448013 -1 -1 -1 -1000 -1000 -1000 -10 0.999961
Car -1 -1 -10 679.629211 175.220276 756.645691 239.391022 -1 -1 -1 -1000 -1000 -1000 -10 0.999868
Car -1 -1 -10 382.721893 170.093735 499.406494 214.448792 -1 -1 -1 -1000 -1000 -1000 -10 0.999795
Car -1 -1 -10 653.018311 172.812256 698.699036 207.961624 -1 -1 -1 -1000 -1000 -1000 -10 0.999508
Car -1 -1 -10 635.867859 168.557419 674.371338 199.329758 -1 -1 -1 -1000 -1000 -1000 -10 0.999335
Car -1 -1 -10 726.009399 159.661850 1011.169556 347.564087 -1 -1 -1 -1000 -1000 -1000 -10 0.999281
Car -1 -1 -10 703.198914 178.086670 813.900818 264.769135 -1 -1 -1 -1000 -1000 -1000 -10 0.998810
Car -1 -1 -10 504.426544 171.542465 550.160156 196.245285 -1 -1 -1 -1000 -1000 -1000 -10 0.998716
Car -1 -1 -10 132.735489 180.400726 358.019012 274.726318 -1 -1 -1 -1000 -1000 -1000 -10 0.979607
Car -1 -1 -10 530.622742 170.716019 563.092590 189.592087 -1 -1 -1 -1000 -1000 -1000 -10 0.726895
