Car -1 -1 -10 487.544037 181.706436 529.650452 210.258072 -1 -1 -1 -1000 -1000 -1000 -10 0.999548
Car -1 -1 -10 648.779785 172.800354 698.789429 208.733978 -1 -1 -1 -1000 -1000 -1000 -10 0.999395
Car -1 -1 -10 429.554840 185.678207 489.630341 225.885773 -1 -1 -1 -1000 -1000 -1000 -10 0.999282
Car -1 -1 -10 624.471313 173.030746 662.361572 195.019409 -1 -1 -1 -1000 -1000 -1000 -10 0.998432
Car -1 -1 -10 62.345070 204.303726 142.067444 245.568832 -1 -1 -1 -1000 -1000 -1000 -10 0.996429
Car -1 -1 -10 160.908859 198.349640 228.521378 228.425507 -1 -1 -1 -1000 -1000 -1000 -10 0.991322
Car -1 -1 -10 672.199036 169.342056 715.643250 195.720963 -1 -1 -1 -1000 -1000 -1000 -10 0.982285
Car -1 -1 -10 112.858910 206.718704 173.204788 234.855927 -1 -1 -1 -1000 -1000 -1000 -10 0.981197
Car -1 -1 -10 532.764221 177.921371 560.943481 196.468063 -1 -1 -1 -1000 -1000 -1000 -10 0.945622
Car -1 -1 -10 464.330505 186.477539 510.086884 216.980972 -1 -1 -1 -1000 -1000 -1000 -10 0.901774
Car -1 -1 -10 0.000000 225.247833 184.913940 342.371429 -1 -1 -1 -1000 -1000 -1000 -10 0.853235
