Car -1 -1 -10 559.570251 179.972794 608.629456 211.603394 -1 -1 -1 -1000 -1000 -1000 -10 0.999637
Car -1 -1 -10 452.060486 184.375366 538.619202 242.018219 -1 -1 -1 -1000 -1000 -1000 -10 0.999634
Car -1 -1 -10 661.208008 176.231369 706.145996 202.057770 -1 -1 -1 -1000 -1000 -1000 -10 0.999579
Car -1 -1 -10 824.138977 182.281754 1084.538696 344.320129 -1 -1 -1 -1000 -1000 -1000 -10 0.999524
Car -1 -1 -10 714.836304 176.342896 807.866577 237.656952 -1 -1 -1 -1000 -1000 -1000 -10 0.999501
Car -1 -1 -10 375.321167 186.639313 504.935028 269.242035 -1 -1 -1 -1000 -1000 -1000 -10 0.999497
Car -1 -1 -10 500.441406 181.047882 560.190918 224.607407 -1 -1 -1 -1000 -1000 -1000 -10 0.998921
Car -1 -1 -10 757.128296 182.252319 897.706360 271.167236 -1 -1 -1 -1000 -1000 -1000 -10 0.998875
Car -1 -1 -10 310.257385 189.135651 352.846893 208.083344 -1 -1 -1 -1000 -1000 -1000 -10 0.994943
Car -1 -1 -10 851.339783 160.794586 906.368469 197.767242 -1 -1 -1 -1000 -1000 -1000 -10 0.970628
Pedestrian -1 -1 -10 889.828491 161.274445 917.142517 239.497711 -1 -1 -1 -1000 -1000 -1000 -10 0.716701
