Car -1 -1 -10 219.949127 190.572174 288.710632 228.085388 -1 -1 -1 -1000 -1000 -1000 -10 0.999874
Car -1 -1 -10 341.549072 194.546204 469.371735 264.120453 -1 -1 -1 -1000 -1000 -1000 -10 0.999802
Car -1 -1 -10 820.600830 174.633987 930.187134 236.126419 -1 -1 -1 -1000 -1000 -1000 -10 0.999774
Car -1 -1 -10 406.234619 177.076279 505.467865 220.440094 -1 -1 -1 -1000 -1000 -1000 -10 0.999496
Car -1 -1 -10 725.556274 175.057007 808.853760 228.943176 -1 -1 -1 -1000 -1000 -1000 -10 0.999410
Car -1 -1 -10 491.055573 158.285126 758.014587 318.341797 -1 -1 -1 -1000 -1000 -1000 -10 0.998711
Car -1 -1 -10 179.651688 186.698242 211.439789 207.689423 -1 -1 -1 -1000 -1000 -1000 -10 0.997839
Car -1 -1 -10 70.726974 188.165924 106.715561 206.891174 -1 -1 -1 -1000 -1000 -1000 -10 0.984771
Car -1 -1 -10 0.000000 188.938248 55.121094 221.611725 -1 -1 -1 -1000 -1000 -1000 -10 0.925333
Car -1 -1 -10 893.551514 173.078979 1047.285034 220.787033 -1 -1 -1 -1000 -1000 -1000 -10 0.885584
