Car -1 -1 -10 584.767029 188.452454 649.317200 235.500641 -1 -1 -1 -1000 -1000 -1000 -10 0.999802
Car -1 -1 -10 402.777863 190.215118 455.236511 221.337875 -1 -1 -1 -1000 -1000 -1000 -10 0.999746
Car -1 -1 -10 703.439270 196.129349 956.021973 343.710052 -1 -1 -1 -1000 -1000 -1000 -10 0.999518
Car -1 -1 -10 0.000000 216.100708 265.420074 352.000000 -1 -1 -1 -1000 -1000 -1000 -10 0.999457
Car -1 -1 -10 795.231262 174.818970 909.078857 224.886871 -1 -1 -1 -1000 -1000 -1000 -10 0.997045
Car -1 -1 -10 206.165863 195.412994 273.098755 223.873627 -1 -1 -1 -1000 -1000 -1000 -10 0.993574
Car -1 -1 -10 566.052368 187.923386 592.440063 212.068924 -1 -1 -1 -1000 -1000 -1000 -10 0.991099
Car -1 -1 -10 743.768127 180.216690 818.927979 214.188507 -1 -1 -1 -1000 -1000 -1000 -10 0.984418
Car -1 -1 -10 492.401367 184.653458 515.567566 202.602875 -1 -1 -1 -1000 -1000 -1000 -10 0.982545
Car -1 -1 -10 432.774261 191.407272 465.529419 213.695618 -1 -1 -1 -1000 -1000 -1000 -10 0.780904
