Car -1 -1 -10 283.052734 183.549713 334.293518 214.491531 -1 -1 -1 -1000 -1000 -1000 -10 0.999823
Car -1 -1 -10 466.880463 182.066772 524.291626 221.464523 -1 -1 -1 -1000 -1000 -1000 -10 0.999779
Car -1 -1 -10 57.507370 190.960327 150.362198 225.435425 -1 -1 -1 -1000 -1000 -1000 -10 0.999750
Car -1 -1 -10 567.606689 189.219650 715.250793 278.123230 -1 -1 -1 -1000 -1000 -1000 -10 0.999741
Car -1 -1 -10 649.121887 167.364563 747.381958 211.383713 -1 -1 -1 -1000 -1000 -1000 -10 0.999592
Car -1 -1 -10 35.984528 206.080933 206.097092 312.075928 -1 -1 -1 -1000 -1000 -1000 -10 0.999175
Car -1 -1 -10 443.033722 179.278336 469.973694 202.888138 -1 -1 -1 -1000 -1000 -1000 -10 0.984321
Car -1 -1 -10 609.203430 182.775772 658.460754 212.368942 -1 -1 -1 -1000 -1000 -1000 -10 0.973796
Car -1 -1 -10 368.684967 179.599457 392.727875 197.060364 -1 -1 -1 -1000 -1000 -1000 -10 0.953007
Car -1 -1 -10 0.000000 236.687134 106.866478 352.000000 -1 -1 -1 -1000 -1000 -1000 -10 0.882114
