Car -1 -1 -10 441.101105 183.667236 513.856262 233.003601 -1 -1 -1 -1000 -1000 -1000 -10 0.999837
Car -1 -1 -10 538.552124 178.303406 574.314575 204.781540 -1 -1 -1 -1000 -1000 -1000 -10 0.999757
Car -1 -1 -10 364.066101 187.357071 476.870392 254.694168 -1 -1 -1 -1000 -1000 -1000 -10 0.999755
Car -1 -1 -10 703.251465 176.740204 771.376404 228.070099 -1 -1 -1 -1000 -1000 -1000 -10 0.999744
Car -1 -1 -10 727.817322 179.540329 826.213013 248.135040 -1 -1 -1 -1000 -1000 -1000 -10 0.999717
Car -1 -1 -10 768.445251 184.723114 924.112732 285.930328 -1 -1 -1 -1000 -1000 -1000 -10 0.999657
Car -1 -1 -10 482.029816 183.319580 531.926880 220.839157 -1 -1 -1 -1000 -1000 -1000 -10 0.999372
Car -1 -1 -10 682.110535 177.868164 718.648621 210.614426 -1 -1 -1 -1000 -1000 -1000 -10 0.991546
Car -1 -1 -10 957.539246 207.758331 1190.986694 352.000000 -1 -1 -1 -1000 -1000 -1000 -10 0.967602
Car -1 -1 -10 868.745911 195.297089 1068.162231 329.038147 -1 -1 -1 -1000 -1000 -1000 -10 0.735863
Car -1 -1 -10 647.084961 176.431656 663.093689 191.881821 -1 -1 -1 -1000 -1000 -1000 -10 0.717797
