Car -1 -1 -10 551.213257 186.596191 599.998535 225.199234 -1 -1 -1 -1000 -1000 -1000 -10 0.999643
Car -1 -1 -10 662.450378 187.515656 752.059509 250.924500 -1 -1 -1 -1000 -1000 -1000 -10 0.999446
Car -1 -1 -10 496.103394 182.646545 537.955688 210.526993 -1 -1 -1 -1000 -1000 -1000 -10 0.999439
Car -1 -1 -10 711.255615 188.742310 930.648132 335.243652 -1 -1 -1 -1000 -1000 -1000 -10 0.999393
Car -1 -1 -10 179.388046 191.629089 377.213806 269.080566 -1 -1 -1 -1000 -1000 -1000 -10 0.997001
Car -1 -1 -10 305.791077 186.287033 431.931335 242.981903 -1 -1 -1 -1000 -1000 -1000 -10 0.996620
Car -1 -1 -10 416.429901 187.240646 501.131958 231.230179 -1 -1 -1 -1000 -1000 -1000 -10 0.996603
Car -1 -1 -10 142.114380 190.126312 255.322021 235.176620 -1 -1 -1 -1000 -1000 -1000 -10 0.996424
Car -1 -1 -10 698.856262 190.321930 817.384033 275.043762 -1 -1 -1 -1000 -1000 -1000 -10 0.994455
Car -1 -1 -10 634.598267 194.613876 683.423706 226.312241 -1 -1 -1 -1000 -1000 -1000 -10 0.994375
Car -1 -1 -10 577.491821 188.080917 610.313782 211.945160 -1 -1 -1 -1000 -1000 -1000 -10 0.803282
