Car -1 -1 -10 697.140747 177.385605 781.128784 242.912323 -1 -1 -1 -1000 -1000 -1000 -10 0.999916
Car -1 -1 -10 409.868927 183.223862 507.481445 253.235260 -1 -1 -1 -1000 -1000 -1000 -10 0.999683
Car -1 -1 -10 647.250488 174.676865 687.894348 204.459702 -1 -1 -1 -1000 -1000 -1000 -10 0.999603
Car -1 -1 -10 325.317078 187.898712 458.997375 283.067291 -1 -1 -1 -1000 -1000 -1000 -10 0.999513
Car -1 -1 -10 716.981140 179.353317 872.720459 278.238403 -1 -1 -1 -1000 -1000 -1000 -10 0.999491
Car -1 -1 -10 160.755920 209.569824 403.943024 352.000000 -1 -1 -1 -1000 -1000 -1000 -10 0.981145
Car -1 -1 -10 620.347534 174.729218 644.130371 193.555954 -1 -1 -1 -1000 -1000 -1000 -10 0.951210
Car -1 -1 -10 910.400269 161.413055 1003.299866 199.041092 -1 -1 -1 -1000 -1000 -1000 -10 0.908944
Car -1 -1 -10 945.996216 214.184402 1141.515503 308.710144 -1 -1 -1 -1000 -1000 -1000 -10 0.818805
Car -1 -1 -10 605.158142 174.752151 628.784973 197.262527 -1 -1 -1 -1000 -1000 -1000 -10 0.772846
