Car -1 -1 -10 457.924072 182.984589 508.871735 220.102142 -1 -1 -1 -1000 -1000 -1000 -10 0.999865
Car -1 -1 -10 424.694031 186.379120 486.057495 228.437820 -1 -1 -1 -1000 -1000 -1000 -10 0.999853
Car -1 -1 -10 776.491638 156.142639 910.236206 197.345718 -1 -1 -1 -1000 -1000 -1000 -10 0.999852
Car -1 -1 -10 376.516022 188.897964 461.617798 241.621399 -1 -1 -1 -1000 -1000 -1000 -10 0.999769
Car -1 -1 -10 282.271667 191.067596 414.870850 268.764526 -1 -1 -1 -1000 -1000 -1000 -10 0.999687
Car -1 -1 -10 490.237579 181.400757 533.915466 211.247894 -1 -1 -1 -1000 -1000 -1000 -10 0.999623
Car -1 -1 -10 1042.682007 141.838272 1121.016968 173.318527 -1 -1 -1 -1000 -1000 -1000 -10 0.999374
Car -1 -1 -10 657.965515 171.226746 716.962952 205.046829 -1 -1 -1 -1000 -1000 -1000 -10 0.999072
Car -1 -1 -10 1140.209473 137.377136 1216.000000 174.142609 -1 -1 -1 -1000 -1000 -1000 -10 0.991847
Car -1 -1 -10 1095.763672 137.919128 1183.462524 170.169540 -1 -1 -1 -1000 -1000 -1000 -10 0.926104
Car -1 -1 -10 532.748779 175.923447 561.755798 198.255447 -1 -1 -1 -1000 -1000 -1000 -10 0.922078
