Car -1 -1 -10 704.698792 185.169342 828.734680 271.094360 -1 -1 -1 -1000 -1000 -1000 -10 0.999672
Car -1 -1 -10 266.586395 183.160583 449.409943 299.996552 -1 -1 -1 -1000 -1000 -1000 -10 0.999640
Car -1 -1 -10 35.894600 180.123611 248.035400 279.507263 -1 -1 -1 -1000 -1000 -1000 -10 0.999584
Car -1 -1 -10 657.386475 179.580795 713.289124 222.997269 -1 -1 -1 -1000 -1000 -1000 -10 0.999323
Car -1 -1 -10 436.352386 177.965683 510.141113 234.372375 -1 -1 -1 -1000 -1000 -1000 -10 0.999118
Car -1 -1 -10 583.515137 179.723984 612.461731 202.834747 -1 -1 -1 -1000 -1000 -1000 -10 0.998828
Car -1 -1 -10 524.591614 180.063187 557.021606 201.850403 -1 -1 -1 -1000 -1000 -1000 -10 0.994214
Car -1 -1 -10 381.217804 181.438446 438.395081 229.025421 -1 -1 -1 -1000 -1000 -1000 -10 0.989345
Car -1 -1 -10 304.706329 186.813278 366.329132 215.413315 -1 -1 -1 -1000 -1000 -1000 -10 0.984999
Car -1 -1 -10 475.914429 178.635483 533.161743 221.660095 -1 -1 -1 -1000 -1000 -1000 -10 0.905762
