Car -1 -1 -10 150.569946 183.431427 207.333679 217.056610 -1 -1 -1 -1000 -1000 -1000 -10 0.999867
Car -1 -1 -10 351.575134 182.556519 408.101166 221.528656 -1 -1 -1 -1000 -1000 -1000 -10 0.999847
Car -1 -1 -10 455.231689 188.966064 585.346313 264.417969 -1 -1 -1 -1000 -1000 -1000 -10 0.999811
Car -1 -1 -10 994.881287 165.498856 1164.419800 236.839554 -1 -1 -1 -1000 -1000 -1000 -10 0.999537
Car -1 -1 -10 523.411377 167.649475 624.624268 215.975342 -1 -1 -1 -1000 -1000 -1000 -10 0.998975
Car -1 -1 -10 670.564026 159.607056 954.864624 349.998291 -1 -1 -1 -1000 -1000 -1000 -10 0.996658
Car -1 -1 -10 874.134583 165.801453 984.750305 237.226135 -1 -1 -1 -1000 -1000 -1000 -10 0.996633
Car -1 -1 -10 318.457916 179.713272 345.642548 202.073730 -1 -1 -1 -1000 -1000 -1000 -10 0.993156
Car -1 -1 -10 229.556519 182.032013 259.282593 200.391479 -1 -1 -1 -1000 -1000 -1000 -10 0.991828
Car -1 -1 -10 0.000000 213.781265 98.577095 288.018188 -1 -1 -1 -1000 -1000 -1000 -10 0.811131
