Car -1 -1 -10 440.025055 178.148514 531.452759 233.366272 -1 -1 -1 -1000 -1000 -1000 -10 0.999508
Car -1 -1 -10 955.543457 161.403625 1104.957642 241.824951 -1 -1 -1 -1000 -1000 -1000 -10 0.999277
Car -1 -1 -10 680.299072 173.366943 792.401489 251.137177 -1 -1 -1 -1000 -1000 -1000 -10 0.998328
Car -1 -1 -10 193.248993 192.719894 431.966644 324.892151 -1 -1 -1 -1000 -1000 -1000 -10 0.998227
Car -1 -1 -10 888.914856 165.609497 1014.345154 228.661697 -1 -1 -1 -1000 -1000 -1000 -10 0.997896
Car -1 -1 -10 720.562622 163.198959 820.082764 209.450546 -1 -1 -1 -1000 -1000 -1000 -10 0.994022
Car -1 -1 -10 527.437317 179.171600 567.733521 208.082886 -1 -1 -1 -1000 -1000 -1000 -10 0.917973
Car -1 -1 -10 487.296295 171.997818 556.664978 218.953690 -1 -1 -1 -1000 -1000 -1000 -10 0.864825
Car -1 -1 -10 169.283707 195.563873 243.208801 223.247437 -1 -1 -1 -1000 -1000 -1000 -10 0.842174
Car -1 -1 -10 774.104858 167.417801 881.602478 211.150391 -1 -1 -1 -1000 -1000 -1000 -10 0.742724
