Car -1 -1 -10 680.906250 169.494659 749.543152 217.051559 -1 -1 -1 -1000 -1000 -1000 -10 0.999586
Car -1 -1 -10 709.741028 176.924316 791.144287 235.524841 -1 -1 -1 -1000 -1000 -1000 -10 0.999285
Car -1 -1 -10 581.914856 174.803955 655.782288 233.783417 -1 -1 -1 -1000 -1000 -1000 -10 0.999228
Car -1 -1 -10 227.425140 169.091888 426.384003 283.943512 -1 -1 -1 -1000 -1000 -1000 -10 0.998686
Car -1 -1 -10 666.947632 169.035889 713.404419 203.182343 -1 -1 -1 -1000 -1000 -1000 -10 0.997007
Car -1 -1 -10 784.211548 181.519440 1038.020386 333.952667 -1 -1 -1 -1000 -1000 -1000 -10 0.995625
Car -1 -1 -10 64.046326 160.394302 219.634583 239.501175 -1 -1 -1 -1000 -1000 -1000 -10 0.974017
Car -1 -1 -10 450.288666 178.389160 534.278992 214.866653 -1 -1 -1 -1000 -1000 -1000 -10 0.965924
Car -1 -1 -10 388.211426 177.899414 506.101654 234.189682 -1 -1 -1 -1000 -1000 -1000 -10 0.923416
Car -1 -1 -10 529.058472 174.277420 566.293884 194.837677 -1 -1 -1 -1000 -1000 -1000 -10 0.794752
