Car -1 -1 -10 354.962128 187.820526 449.533142 240.073212 -1 -1 -1 -1000 -1000 -1000 -10 0.999474
Car -1 -1 -10 555.111572 182.113480 586.977966 201.285751 -1 -1 -1 -1000 -1000 -1000 -10 0.999215
Car -1 -1 -10 593.858032 180.869080 674.844910 252.769928 -1 -1 -1 -1000 -1000 -1000 -10 0.999110
Car -1 -1 -10 499.089691 183.829636 542.045410 214.208160 -1 -1 -1 -1000 -1000 -1000 -10 0.998932
Car -1 -1 -10 746.997742 173.498352 901.957092 255.664001 -1 -1 -1 -1000 -1000 -1000 -10 0.998650
Car -1 -1 -10 142.177734 188.997406 253.486526 234.490326 -1 -1 -1 -1000 -1000 -1000 -10 0.998408
Car -1 -1 -10 693.199829 180.753952 767.143005 222.995941 -1 -1 -1 -1000 -1000 -1000 -10 0.998358
Car -1 -1 -10 288.328033 188.628708 388.875702 235.329636 -1 -1 -1 -1000 -1000 -1000 -10 0.998136
Car -1 -1 -10 664.355042 188.005447 703.881836 212.829163 -1 -1 -1 -1000 -1000 -1000 -10 0.955287
Car -1 -1 -10 430.634033 189.185486 471.386627 213.191742 -1 -1 -1 -1000 -1000 -1000 -10 0.902169
