Car -1 -1 -10 710.208557 185.317749 843.172791 279.507263 -1 -1 -1 -1000 -1000 -1000 -10 0.999742
Car -1 -1 -10 280.528412 184.201126 453.360352 295.008728 -1 -1 -1 -1000 -1000 -1000 -10 0.999679
Car -1 -1 -10 663.935791 178.596741 723.820374 225.265869 -1 -1 -1 -1000 -1000 -1000 -10 0.999661
Car -1 -1 -10 118.981323 176.052704 294.462006 265.131958 -1 -1 -1 -1000 -1000 -1000 -10 0.999557
Car -1 -1 -10 475.624420 177.536697 535.399414 219.372879 -1 -1 -1 -1000 -1000 -1000 -10 0.999131
Car -1 -1 -10 584.936096 179.065643 615.661743 203.616684 -1 -1 -1 -1000 -1000 -1000 -10 0.998230
Car -1 -1 -10 382.215912 181.951660 438.658112 226.307205 -1 -1 -1 -1000 -1000 -1000 -10 0.995102
Car -1 -1 -10 310.539948 185.215576 373.190735 216.509949 -1 -1 -1 -1000 -1000 -1000 -10 0.994762
Car -1 -1 -10 529.895752 178.415207 558.787476 198.784744 -1 -1 -1 -1000 -1000 -1000 -10 0.962165
Car -1 -1 -10 634.233032 180.220352 665.131653 202.678482 -1 -1 -1 -1000 -1000 -1000 -10 0.961201
Car -1 -1 -10 438.446838 179.677032 496.726349 224.140579 -1 -1 -1 -1000 -1000 -1000 -10 0.957326
