Car -1 -1 -10 136.131073 184.095993 382.086975 333.577332 -1 -1 -1 -1000 -1000 -1000 -10 0.999772
Car -1 -1 -10 758.408508 178.829636 1057.719971 352.000000 -1 -1 -1 -1000 -1000 -1000 -10 0.999741
Car -1 -1 -10 577.685730 181.399719 620.810425 218.237686 -1 -1 -1 -1000 -1000 -1000 -10 0.999730
Car -1 -1 -10 449.947845 185.294128 513.100098 227.093018 -1 -1 -1 -1000 -1000 -1000 -10 0.999394
Car -1 -1 -10 395.881683 185.674698 478.770813 243.592194 -1 -1 -1 -1000 -1000 -1000 -10 0.999307
Car -1 -1 -10 388.008423 184.479584 436.948090 219.936539 -1 -1 -1 -1000 -1000 -1000 -10 0.979385
Car -1 -1 -10 504.463867 185.385651 531.015381 208.120316 -1 -1 -1 -1000 -1000 -1000 -10 0.964429
Car -1 -1 -10 615.886658 183.831451 639.810120 204.242950 -1 -1 -1 -1000 -1000 -1000 -10 0.960113
Car -1 -1 -10 88.838570 182.231476 251.884125 267.891693 -1 -1 -1 -1000 -1000 -1000 -10 0.900065
Car -1 -1 -10 258.618042 177.174805 350.749115 225.994522 -1 -1 -1 -1000 -1000 -1000 -10 0.751861
