Car -1 -1 -10 330.278381 209.303589 385.703644 246.432007 -1 -1 -1 -1000 -1000 -1000 -10 0.999635
Car -1 -1 -10 24.458969 230.561874 156.957306 319.773651 -1 -1 -1 -1000 -1000 -1000 -10 0.999589
Car -1 -1 -10 430.731293 212.007462 564.011963 296.177002 -1 -1 -1 -1000 -1000 -1000 -10 0.999491
Car -1 -1 -10 371.392609 204.069916 470.668915 271.603088 -1 -1 -1 -1000 -1000 -1000 -10 0.999409
Car -1 -1 -10 489.207458 213.759064 721.971863 347.909882 -1 -1 -1 -1000 -1000 -1000 -10 0.999396
Car -1 -1 -10 120.599342 206.481598 207.600052 269.279205 -1 -1 -1 -1000 -1000 -1000 -10 0.998346
Car -1 -1 -10 189.425247 211.528259 231.004959 240.244537 -1 -1 -1 -1000 -1000 -1000 -10 0.998066
Car -1 -1 -10 787.303467 224.418121 1013.728210 352.000000 -1 -1 -1 -1000 -1000 -1000 -10 0.963735
Car -1 -1 -10 308.020020 211.749207 343.022797 235.647537 -1 -1 -1 -1000 -1000 -1000 -10 0.855903
Car -1 -1 -10 684.095276 234.271301 789.853394 289.448700 -1 -1 -1 -1000 -1000 -1000 -10 0.726567
