Car -1 -1 -10 678.069763 170.266403 745.023743 216.386505 -1 -1 -1 -1000 -1000 -1000 -10 0.999468
Car -1 -1 -10 578.787964 172.916443 656.598389 235.914368 -1 -1 -1 -1000 -1000 -1000 -10 0.999326
Car -1 -1 -10 702.661560 177.572205 781.114441 230.816925 -1 -1 -1 -1000 -1000 -1000 -10 0.999211
Car -1 -1 -10 262.812195 168.680557 448.877563 263.075256 -1 -1 -1 -1000 -1000 -1000 -10 0.998812
Car -1 -1 -10 662.534119 168.452454 710.163208 203.781509 -1 -1 -1 -1000 -1000 -1000 -10 0.997916
Car -1 -1 -10 755.656616 162.491791 975.604797 313.856232 -1 -1 -1 -1000 -1000 -1000 -10 0.996576
Car -1 -1 -10 514.446533 173.070358 560.002380 198.551865 -1 -1 -1 -1000 -1000 -1000 -10 0.974153
Car -1 -1 -10 141.448746 161.875717 248.337311 230.071136 -1 -1 -1 -1000 -1000 -1000 -10 0.954310
Car -1 -1 -10 415.495148 177.038376 511.401306 224.870514 -1 -1 -1 -1000 -1000 -1000 -10 0.830010
Car -1 -1 -10 465.182495 176.182159 536.766663 209.205536 -1 -1 -1 -1000 -1000 -1000 -10 0.817836
Pedestrian -1 -1 -10 105.295441 147.835480 178.315720 315.137085 -1 -1 -1 -1000 -1000 -1000 -10 0.993744
