Car -1 -1 -10 423.387115 174.069794 526.889221 215.583099 -1 -1 -1 -1000 -1000 -1000 -10 0.999850
Car -1 -1 -10 710.945068 185.419067 897.404114 307.874908 -1 -1 -1 -1000 -1000 -1000 -10 0.999773
Car -1 -1 -10 792.087891 180.099091 873.911804 211.717789 -1 -1 -1 -1000 -1000 -1000 -10 0.996723
Car -1 -1 -10 721.089417 176.729385 807.187378 231.831970 -1 -1 -1 -1000 -1000 -1000 -10 0.996005
Car -1 -1 -10 803.886963 183.955765 1000.483704 270.861420 -1 -1 -1 -1000 -1000 -1000 -10 0.994870
Car -1 -1 -10 513.751587 173.666367 563.612366 195.583618 -1 -1 -1 -1000 -1000 -1000 -10 0.991072
Car -1 -1 -10 169.299179 159.250443 430.441620 264.013519 -1 -1 -1 -1000 -1000 -1000 -10 0.973117
Car -1 -1 -10 479.589752 176.148849 540.195618 200.675415 -1 -1 -1 -1000 -1000 -1000 -10 0.967488
Car -1 -1 -10 632.911926 175.854599 656.887024 195.080948 -1 -1 -1 -1000 -1000 -1000 -10 0.738673
Car -1 -1 -10 0.000000 203.537659 212.111206 318.660400 -1 -1 -1 -1000 -1000 -1000 -10 0.725594
