Car -1 -1 -10 422.012451 189.331482 488.045471 230.244354 -1 -1 -1 -1000 -1000 -1000 -10 0.999887
Car -1 -1 -10 340.730103 192.082458 437.213928 254.753113 -1 -1 -1 -1000 -1000 -1000 -10 0.999774
Car -1 -1 -10 217.021698 201.069061 367.203491 289.287079 -1 -1 -1 -1000 -1000 -1000 -10 0.999738
Car -1 -1 -10 0.000000 213.295822 267.041565 352.000000 -1 -1 -1 -1000 -1000 -1000 -10 0.999666
Car -1 -1 -10 676.013367 175.466248 760.166077 224.929001 -1 -1 -1 -1000 -1000 -1000 -10 0.999624
Car -1 -1 -10 794.732788 157.772156 935.723328 207.447662 -1 -1 -1 -1000 -1000 -1000 -10 0.999555
Car -1 -1 -10 489.402344 181.820572 532.277283 210.657684 -1 -1 -1 -1000 -1000 -1000 -10 0.999509
Car -1 -1 -10 905.676270 143.260223 1136.994263 217.895538 -1 -1 -1 -1000 -1000 -1000 -10 0.999037
Car -1 -1 -10 598.184265 171.809875 620.874695 191.525665 -1 -1 -1 -1000 -1000 -1000 -10 0.985107
Car -1 -1 -10 653.316223 175.948105 701.335754 206.448242 -1 -1 -1 -1000 -1000 -1000 -10 0.965400
Car -1 -1 -10 516.727173 182.390640 548.144409 203.185608 -1 -1 -1 -1000 -1000 -1000 -10 0.895758
