Car -1 -1 -10 245.036804 192.455963 433.881897 255.674850 -1 -1 -1 -1000 -1000 -1000 -10 0.999900
Car -1 -1 -10 432.614502 183.459763 530.432556 222.702408 -1 -1 -1 -1000 -1000 -1000 -10 0.999763
Car -1 -1 -10 672.415344 187.510666 745.850281 241.891663 -1 -1 -1 -1000 -1000 -1000 -10 0.999714
Car -1 -1 -10 646.395813 185.107391 692.399170 222.469757 -1 -1 -1 -1000 -1000 -1000 -10 0.999450
Car -1 -1 -10 139.323730 196.476715 349.611115 280.153503 -1 -1 -1 -1000 -1000 -1000 -10 0.998848
Car -1 -1 -10 969.046265 198.062866 1216.000000 294.341827 -1 -1 -1 -1000 -1000 -1000 -10 0.998127
Car -1 -1 -10 343.815308 188.716751 478.684418 236.617676 -1 -1 -1 -1000 -1000 -1000 -10 0.998060
Car -1 -1 -10 510.792542 182.070602 551.334167 205.116028 -1 -1 -1 -1000 -1000 -1000 -10 0.991364
Car -1 -1 -10 18.741913 190.877411 268.802704 309.323883 -1 -1 -1 -1000 -1000 -1000 -10 0.990088
Car -1 -1 -10 621.940491 181.421646 643.197205 202.088684 -1 -1 -1 -1000 -1000 -1000 -10 0.960202
