Car -1 -1 -10 401.815491 184.221222 479.549072 234.402664 -1 -1 -1 -1000 -1000 -1000 -10 0.999767
Car -1 -1 -10 448.466187 182.959518 502.598145 222.250229 -1 -1 -1 -1000 -1000 -1000 -10 0.999709
Car -1 -1 -10 764.783936 182.459183 1026.414185 345.690979 -1 -1 -1 -1000 -1000 -1000 -10 0.999667
Car -1 -1 -10 986.282898 149.843109 1104.574097 187.557098 -1 -1 -1 -1000 -1000 -1000 -10 0.999496
Car -1 -1 -10 481.675110 181.636383 525.993958 213.027100 -1 -1 -1 -1000 -1000 -1000 -10 0.999447
Car -1 -1 -10 172.370300 186.698883 377.710938 295.803955 -1 -1 -1 -1000 -1000 -1000 -10 0.999445
Car -1 -1 -10 756.783508 162.204285 847.921997 200.554306 -1 -1 -1 -1000 -1000 -1000 -10 0.998794
Car -1 -1 -10 651.741394 172.774689 695.028503 200.993423 -1 -1 -1 -1000 -1000 -1000 -10 0.998632
Car -1 -1 -10 1011.353821 152.187012 1216.000000 252.961517 -1 -1 -1 -1000 -1000 -1000 -10 0.997502
Car -1 -1 -10 9.177078 221.240204 249.026978 329.808350 -1 -1 -1 -1000 -1000 -1000 -10 0.933065
Car -1 -1 -10 964.306213 154.581238 1043.254150 178.311890 -1 -1 -1 -1000 -1000 -1000 -10 0.907313
Car -1 -1 -10 517.420532 181.792084 547.100708 204.760147 -1 -1 -1 -1000 -1000 -1000 -10 0.744242
