Car -1 -1 -10 295.481689 183.551285 459.156128 247.494385 -1 -1 -1 -1000 -1000 -1000 -10 0.999820
Car -1 -1 -10 665.687927 178.380295 743.869446 242.190170 -1 -1 -1 -1000 -1000 -1000 -10 0.999648
Car -1 -1 -10 727.258850 192.254257 943.237488 334.817871 -1 -1 -1 -1000 -1000 -1000 -10 0.999547
Car -1 -1 -10 124.783890 165.520432 388.200409 278.894196 -1 -1 -1 -1000 -1000 -1000 -10 0.999330
Car -1 -1 -10 646.121582 179.214569 692.719299 221.150085 -1 -1 -1 -1000 -1000 -1000 -10 0.999217
Car -1 -1 -10 451.458344 178.442429 532.238708 214.899414 -1 -1 -1 -1000 -1000 -1000 -10 0.998858
Car -1 -1 -10 0.000000 212.631760 261.567505 335.599335 -1 -1 -1 -1000 -1000 -1000 -10 0.970962
Car -1 -1 -10 634.481018 180.337616 663.832214 206.304794 -1 -1 -1 -1000 -1000 -1000 -10 0.928206
Car -1 -1 -10 495.498810 180.382126 543.545715 203.966690 -1 -1 -1 -1000 -1000 -1000 -10 0.893419
Car -1 -1 -10 405.297821 184.775208 492.357147 220.050797 -1 -1 -1 -1000 -1000 -1000 -10 0.891028
