Car -1 -1 -10 424.221771 187.055756 488.035400 226.196625 -1 -1 -1 -1000 -1000 -1000 -10 0.999632
Car -1 -1 -10 310.974365 189.330307 400.015137 232.498474 -1 -1 -1 -1000 -1000 -1000 -10 0.999518
Car -1 -1 -10 592.542175 181.144165 681.849060 257.015686 -1 -1 -1 -1000 -1000 -1000 -10 0.999250
Car -1 -1 -10 688.812439 182.142456 749.506470 220.623245 -1 -1 -1 -1000 -1000 -1000 -10 0.998930
Car -1 -1 -10 728.529541 174.666779 878.627991 248.583374 -1 -1 -1 -1000 -1000 -1000 -10 0.998772
Car -1 -1 -10 569.962646 181.840591 597.712036 199.757233 -1 -1 -1 -1000 -1000 -1000 -10 0.998409
Car -1 -1 -10 512.424072 185.272888 552.101807 207.252625 -1 -1 -1 -1000 -1000 -1000 -10 0.995786
Car -1 -1 -10 373.440308 183.970856 443.566895 222.536713 -1 -1 -1 -1000 -1000 -1000 -10 0.994215
Car -1 -1 -10 173.357315 188.082489 280.550903 230.033798 -1 -1 -1 -1000 -1000 -1000 -10 0.947523
Car -1 -1 -10 669.493958 186.844528 713.640991 212.520523 -1 -1 -1 -1000 -1000 -1000 -10 0.899149
