Car -1 -1 -10 191.080154 203.449310 455.578461 352.000000 -1 -1 -1 -1000 -1000 -1000 -10 0.999569
Car -1 -1 -10 379.441772 188.190506 521.993958 284.680969 -1 -1 -1 -1000 -1000 -1000 -10 0.999311
Car -1 -1 -10 477.085175 181.098007 558.394775 235.257782 -1 -1 -1 -1000 -1000 -1000 -10 0.999011
Car -1 -1 -10 790.402100 172.267975 907.178894 229.202835 -1 -1 -1 -1000 -1000 -1000 -10 0.998920
Car -1 -1 -10 959.329590 162.262344 1054.846680 195.538452 -1 -1 -1 -1000 -1000 -1000 -10 0.998698
Car -1 -1 -10 1022.711365 162.197403 1130.406982 207.842438 -1 -1 -1 -1000 -1000 -1000 -10 0.998204
Car -1 -1 -10 751.492432 176.447845 874.785950 281.368744 -1 -1 -1 -1000 -1000 -1000 -10 0.997179
Car -1 -1 -10 746.783630 167.818344 845.179443 210.604111 -1 -1 -1 -1000 -1000 -1000 -10 0.989596
Car -1 -1 -10 516.590515 190.246857 573.513000 224.355392 -1 -1 -1 -1000 -1000 -1000 -10 0.987248
Car -1 -1 -10 555.228699 168.887878 609.144653 188.041489 -1 -1 -1 -1000 -1000 -1000 -10 0.983407
