Car -1 -1 -10 680.563232 180.183945 766.981384 245.267410 -1 -1 -1 -1000 -1000 -1000 -10 0.999759
Car -1 -1 -10 408.530212 174.653900 516.539246 214.848923 -1 -1 -1 -1000 -1000 -1000 -10 0.999110
Car -1 -1 -10 303.885193 163.217316 492.538452 233.341309 -1 -1 -1 -1000 -1000 -1000 -10 0.998596
Car -1 -1 -10 29.248779 180.354370 353.258911 306.473206 -1 -1 -1 -1000 -1000 -1000 -10 0.997613
Car -1 -1 -10 737.580017 180.276886 871.274963 235.282990 -1 -1 -1 -1000 -1000 -1000 -10 0.996973
Car -1 -1 -10 479.359375 173.183960 543.945862 202.600342 -1 -1 -1 -1000 -1000 -1000 -10 0.996638
Car -1 -1 -10 631.639221 173.709946 654.434937 193.275467 -1 -1 -1 -1000 -1000 -1000 -10 0.989368
Car -1 -1 -10 534.016907 173.672348 568.980469 192.855621 -1 -1 -1 -1000 -1000 -1000 -10 0.981178
Car -1 -1 -10 672.808289 178.755432 709.482544 215.071854 -1 -1 -1 -1000 -1000 -1000 -10 0.948464
Car -1 -1 -10 256.606506 180.833862 399.184113 242.771042 -1 -1 -1 -1000 -1000 -1000 -10 0.739902
