Car -1 -1 -10 767.830139 157.903183 886.807922 194.473770 -1 -1 -1 -1000 -1000 -1000 -10 0.999878
Car -1 -1 -10 401.397736 187.327469 474.275055 234.056717 -1 -1 -1 -1000 -1000 -1000 -10 0.999821
Car -1 -1 -10 332.176605 188.441193 438.765564 255.033035 -1 -1 -1 -1000 -1000 -1000 -10 0.999734
Car -1 -1 -10 473.940125 183.221817 519.161438 216.409515 -1 -1 -1 -1000 -1000 -1000 -10 0.999279
Car -1 -1 -10 659.498474 171.369034 711.340637 203.410324 -1 -1 -1 -1000 -1000 -1000 -10 0.998428
Car -1 -1 -10 501.495880 181.333832 541.021179 209.250717 -1 -1 -1 -1000 -1000 -1000 -10 0.998285
Car -1 -1 -10 1042.314331 139.671814 1152.631592 175.089111 -1 -1 -1 -1000 -1000 -1000 -10 0.997918
Car -1 -1 -10 445.819885 184.543823 497.899017 222.713882 -1 -1 -1 -1000 -1000 -1000 -10 0.996530
Car -1 -1 -10 1103.413574 139.744934 1216.000000 176.872604 -1 -1 -1 -1000 -1000 -1000 -10 0.995168
Car -1 -1 -10 539.149597 175.432892 567.875671 196.590302 -1 -1 -1 -1000 -1000 -1000 -10 0.811588
Car -1 -1 -10 5.627586 219.551590 213.130188 335.176575 -1 -1 -1 -1000 -1000 -1000 -10 0.807871
