Car -1 -1 -10 445.233704 184.263306 499.336487 221.667557 -1 -1 -1 -1000 -1000 -1000 -10 0.999679
Car -1 -1 -10 323.278137 190.534317 405.112000 229.166687 -1 -1 -1 -1000 -1000 -1000 -10 0.999655
Car -1 -1 -10 593.985657 180.138748 684.975281 258.093414 -1 -1 -1 -1000 -1000 -1000 -10 0.999254
Car -1 -1 -10 691.210876 179.378540 756.963562 217.900497 -1 -1 -1 -1000 -1000 -1000 -10 0.998950
Car -1 -1 -10 725.828979 174.827499 871.289001 244.469116 -1 -1 -1 -1000 -1000 -1000 -10 0.998387
Car -1 -1 -10 381.336334 186.369949 436.637024 218.782104 -1 -1 -1 -1000 -1000 -1000 -10 0.993555
Car -1 -1 -10 0.000000 204.932663 147.705688 287.802948 -1 -1 -1 -1000 -1000 -1000 -10 0.982220
Car -1 -1 -10 192.345749 186.152420 281.992981 229.811157 -1 -1 -1 -1000 -1000 -1000 -10 0.851149
Car -1 -1 -10 576.994629 181.177322 597.052856 196.762985 -1 -1 -1 -1000 -1000 -1000 -10 0.776000
Pedestrian -1 -1 -10 204.067856 186.361084 261.632629 306.965210 -1 -1 -1 -1000 -1000 -1000 -10 0.768852
