Car -1 -1 -10 148.223053 174.106430 413.016724 334.449249 -1 -1 -1 -1000 -1000 -1000 -10 0.999894
Car -1 -1 -10 710.068542 174.307999 793.307434 229.352005 -1 -1 -1 -1000 -1000 -1000 -10 0.999194
Car -1 -1 -10 596.943115 175.092880 662.758362 231.615967 -1 -1 -1 -1000 -1000 -1000 -10 0.999193
Car -1 -1 -10 397.864410 173.282837 538.117004 226.104782 -1 -1 -1 -1000 -1000 -1000 -10 0.998926
Car -1 -1 -10 792.348267 166.900909 1021.691406 311.679565 -1 -1 -1 -1000 -1000 -1000 -10 0.998753
Car -1 -1 -10 744.240173 177.431549 855.809326 259.537903 -1 -1 -1 -1000 -1000 -1000 -10 0.995607
Car -1 -1 -10 286.135559 175.846695 446.018005 257.670410 -1 -1 -1 -1000 -1000 -1000 -10 0.967121
Car -1 -1 -10 509.411682 175.542419 561.161926 201.577423 -1 -1 -1 -1000 -1000 -1000 -10 0.870730
Car -1 -1 -10 32.930840 188.442490 194.953201 261.500000 -1 -1 -1 -1000 -1000 -1000 -10 0.736996
Pedestrian -1 -1 -10 762.365845 172.957581 819.103333 274.745270 -1 -1 -1 -1000 -1000 -1000 -10 0.943990
