Car -1 -1 -10 825.082153 170.102264 894.490173 210.081940 -1 -1 -1 -1000 -1000 -1000 -10 0.999768
Car -1 -1 -10 690.210693 175.889374 810.052307 241.332642 -1 -1 -1 -1000 -1000 -1000 -10 0.999622
Car -1 -1 -10 891.467224 168.269104 935.313660 197.934250 -1 -1 -1 -1000 -1000 -1000 -10 0.999527
Car -1 -1 -10 935.329895 168.811539 980.505432 192.375809 -1 -1 -1 -1000 -1000 -1000 -10 0.999030
Car -1 -1 -10 1058.828125 167.866211 1153.085083 234.539154 -1 -1 -1 -1000 -1000 -1000 -10 0.998956
Car -1 -1 -10 249.747604 172.066650 556.941406 294.838013 -1 -1 -1 -1000 -1000 -1000 -10 0.998417
Car -1 -1 -10 864.428101 170.145172 913.847839 203.142273 -1 -1 -1 -1000 -1000 -1000 -10 0.998018
Car -1 -1 -10 1121.229370 166.121078 1170.722534 191.817596 -1 -1 -1 -1000 -1000 -1000 -10 0.990085
Car -1 -1 -10 631.595032 171.878632 680.106262 189.756454 -1 -1 -1 -1000 -1000 -1000 -10 0.987947
Car -1 -1 -10 1050.093140 166.318619 1089.109619 193.662811 -1 -1 -1 -1000 -1000 -1000 -10 0.970101
