Car -1 -1 -10 702.182739 186.209656 816.691833 267.212311 -1 -1 -1 -1000 -1000 -1000 -10 0.999710
Car -1 -1 -10 263.497375 186.724121 446.841156 303.973145 -1 -1 -1 -1000 -1000 -1000 -10 0.999673
Car -1 -1 -10 653.777588 183.159912 705.034973 222.505707 -1 -1 -1 -1000 -1000 -1000 -10 0.999458
Car -1 -1 -10 427.956421 179.873230 508.154053 238.496674 -1 -1 -1 -1000 -1000 -1000 -10 0.999387
Car -1 -1 -10 0.000000 183.166245 218.113556 290.980743 -1 -1 -1 -1000 -1000 -1000 -10 0.998677
Car -1 -1 -10 473.194763 181.681519 532.667908 221.368881 -1 -1 -1 -1000 -1000 -1000 -10 0.997401
Car -1 -1 -10 582.745117 181.537628 611.438904 203.262909 -1 -1 -1 -1000 -1000 -1000 -10 0.995082
Car -1 -1 -10 523.681152 181.931931 554.502502 203.481155 -1 -1 -1 -1000 -1000 -1000 -10 0.974664
Car -1 -1 -10 619.872009 179.710114 647.462830 199.595261 -1 -1 -1 -1000 -1000 -1000 -10 0.970321
Car -1 -1 -10 376.553741 182.152100 436.063110 232.495926 -1 -1 -1 -1000 -1000 -1000 -10 0.970101
Car -1 -1 -10 308.200073 189.219345 359.550323 213.821594 -1 -1 -1 -1000 -1000 -1000 -10 0.715384
