Car -1 -1 -10 784.374390 163.322800 938.141479 217.503693 -1 -1 -1 -1000 -1000 -1000 -10 0.999861
Car -1 -1 -10 647.939087 178.654510 696.802734 218.673035 -1 -1 -1 -1000 -1000 -1000 -10 0.999648
Car -1 -1 -10 477.837646 183.549561 517.322815 210.165863 -1 -1 -1 -1000 -1000 -1000 -10 0.999501
Car -1 -1 -10 354.840881 189.973511 476.640747 270.512665 -1 -1 -1 -1000 -1000 -1000 -10 0.999497
Car -1 -1 -10 128.198746 200.779022 399.221588 352.000000 -1 -1 -1 -1000 -1000 -1000 -10 0.998631
Car -1 -1 -10 738.762390 166.958359 841.439087 204.863617 -1 -1 -1 -1000 -1000 -1000 -10 0.998625
Car -1 -1 -10 877.449158 164.208527 954.912231 199.066254 -1 -1 -1 -1000 -1000 -1000 -10 0.998455
Car -1 -1 -10 439.099243 186.330750 488.659210 220.005157 -1 -1 -1 -1000 -1000 -1000 -10 0.997496
Car -1 -1 -10 948.574463 148.289230 1033.168823 181.507019 -1 -1 -1 -1000 -1000 -1000 -10 0.996707
Car -1 -1 -10 508.409515 182.804031 540.265869 203.432053 -1 -1 -1 -1000 -1000 -1000 -10 0.984970
