Car -1 -1 -10 401.555725 189.650208 478.755463 236.623016 -1 -1 -1 -1000 -1000 -1000 -10 0.999810
Car -1 -1 -10 689.337219 175.622986 783.289978 231.947067 -1 -1 -1 -1000 -1000 -1000 -10 0.999786
Car -1 -1 -10 814.391357 155.770523 979.062805 211.714157 -1 -1 -1 -1000 -1000 -1000 -10 0.999784
Car -1 -1 -10 303.243408 194.875137 419.299316 264.160858 -1 -1 -1 -1000 -1000 -1000 -10 0.999727
Car -1 -1 -10 964.325500 137.640472 1216.000000 224.215164 -1 -1 -1 -1000 -1000 -1000 -10 0.999706
Car -1 -1 -10 486.575745 182.878128 528.649780 212.306625 -1 -1 -1 -1000 -1000 -1000 -10 0.999353
Car -1 -1 -10 652.109253 176.242722 701.525574 207.966019 -1 -1 -1 -1000 -1000 -1000 -10 0.999327
Car -1 -1 -10 128.054047 206.382492 329.080627 316.998688 -1 -1 -1 -1000 -1000 -1000 -10 0.999285
Car -1 -1 -10 449.411530 185.339584 500.874023 222.845245 -1 -1 -1 -1000 -1000 -1000 -10 0.998785
Car -1 -1 -10 593.139832 174.351517 617.028076 192.614822 -1 -1 -1 -1000 -1000 -1000 -10 0.993583
Car -1 -1 -10 510.762512 180.738083 545.237122 204.564377 -1 -1 -1 -1000 -1000 -1000 -10 0.951289
