Car -1 -1 -10 353.632538 190.700653 440.921570 249.094604 -1 -1 -1 -1000 -1000 -1000 -10 0.999783
Car -1 -1 -10 459.478577 181.018860 507.854950 218.607803 -1 -1 -1 -1000 -1000 -1000 -10 0.999746
Car -1 -1 -10 408.435150 190.408417 475.774689 233.467133 -1 -1 -1 -1000 -1000 -1000 -10 0.999546
Car -1 -1 -10 667.656799 170.501373 737.663635 224.293900 -1 -1 -1 -1000 -1000 -1000 -10 0.999338
Car -1 -1 -10 11.284767 203.855637 116.602905 246.329971 -1 -1 -1 -1000 -1000 -1000 -10 0.998790
Car -1 -1 -10 1068.161499 136.649338 1190.386475 181.998901 -1 -1 -1 -1000 -1000 -1000 -10 0.998754
Car -1 -1 -10 493.690063 182.362595 531.664124 208.337906 -1 -1 -1 -1000 -1000 -1000 -10 0.990715
Car -1 -1 -10 524.147278 178.916931 554.930969 198.910034 -1 -1 -1 -1000 -1000 -1000 -10 0.976842
Car -1 -1 -10 626.261536 175.882645 646.692261 193.711029 -1 -1 -1 -1000 -1000 -1000 -10 0.968006
Car -1 -1 -10 85.530388 202.543701 210.315948 241.818222 -1 -1 -1 -1000 -1000 -1000 -10 0.846260
