Car -1 -1 -10 375.700226 181.701767 465.834717 236.539398 -1 -1 -1 -1000 -1000 -1000 -10 0.999564
Car -1 -1 -10 342.369385 183.645493 418.705750 222.737946 -1 -1 -1 -1000 -1000 -1000 -10 0.999556
Car -1 -1 -10 585.329651 178.060440 663.215698 242.495300 -1 -1 -1 -1000 -1000 -1000 -10 0.999339
Car -1 -1 -10 180.297119 179.522736 313.763031 247.167480 -1 -1 -1 -1000 -1000 -1000 -10 0.999291
Car -1 -1 -10 506.855408 181.618500 551.039062 206.760254 -1 -1 -1 -1000 -1000 -1000 -10 0.999071
Car -1 -1 -10 748.985107 177.781540 892.339661 255.671570 -1 -1 -1 -1000 -1000 -1000 -10 0.998490
Car -1 -1 -10 58.558739 195.657120 215.996719 262.668091 -1 -1 -1 -1000 -1000 -1000 -10 0.998476
Car -1 -1 -10 697.270264 179.875870 798.760986 229.423340 -1 -1 -1 -1000 -1000 -1000 -10 0.996217
Car -1 -1 -10 462.693817 181.410583 512.458557 207.459671 -1 -1 -1 -1000 -1000 -1000 -10 0.988324
Car -1 -1 -10 0.000000 204.073685 154.052307 321.392792 -1 -1 -1 -1000 -1000 -1000 -10 0.919228
