Car -1 -1 -10 244.211075 206.889328 489.471558 352.000000 -1 -1 -1 -1000 -1000 -1000 -10 0.999609
Car -1 -1 -10 632.361816 188.449829 673.822144 219.770844 -1 -1 -1 -1000 -1000 -1000 -10 0.999333
Car -1 -1 -10 533.131653 188.397614 569.696594 213.776321 -1 -1 -1 -1000 -1000 -1000 -10 0.999333
Car -1 -1 -10 67.004799 191.490128 282.108734 314.918030 -1 -1 -1 -1000 -1000 -1000 -10 0.999324
Car -1 -1 -10 563.897827 186.777054 626.426331 238.160889 -1 -1 -1 -1000 -1000 -1000 -10 0.999305
Car -1 -1 -10 730.271057 198.699982 967.738098 351.522949 -1 -1 -1 -1000 -1000 -1000 -10 0.998628
Car -1 -1 -10 240.337997 191.500885 300.716187 219.635071 -1 -1 -1 -1000 -1000 -1000 -10 0.998587
Car -1 -1 -10 686.968506 183.955582 815.127808 276.024567 -1 -1 -1 -1000 -1000 -1000 -10 0.998319
Car -1 -1 -10 395.861938 192.774185 520.706055 276.686615 -1 -1 -1 -1000 -1000 -1000 -10 0.992570
Car -1 -1 -10 78.445526 194.377655 194.349884 238.843384 -1 -1 -1 -1000 -1000 -1000 -10 0.899095
