Car -1 -1 -10 286.057831 186.832062 348.077423 224.714523 -1 -1 -1 -1000 -1000 -1000 -10 0.999887
Car -1 -1 -10 462.410645 172.556503 564.810608 220.177216 -1 -1 -1 -1000 -1000 -1000 -10 0.999784
Car -1 -1 -10 397.916901 192.664536 522.838745 262.767456 -1 -1 -1 -1000 -1000 -1000 -10 0.999772
Car -1 -1 -10 71.694229 186.350601 134.940796 221.703644 -1 -1 -1 -1000 -1000 -1000 -10 0.999700
Car -1 -1 -10 897.356934 171.179001 1034.386353 237.968994 -1 -1 -1 -1000 -1000 -1000 -10 0.999665
Car -1 -1 -10 791.448975 171.910446 887.245789 231.836746 -1 -1 -1 -1000 -1000 -1000 -10 0.999461
Car -1 -1 -10 563.933716 156.069260 843.168213 331.460144 -1 -1 -1 -1000 -1000 -1000 -10 0.997982
Car -1 -1 -10 152.629150 183.224884 186.889221 202.326431 -1 -1 -1 -1000 -1000 -1000 -10 0.997587
Car -1 -1 -10 247.924957 183.516342 276.910858 204.811249 -1 -1 -1 -1000 -1000 -1000 -10 0.969680
Car -1 -1 -10 992.055664 163.243195 1161.799561 220.043823 -1 -1 -1 -1000 -1000 -1000 -10 0.781203
