Car -1 -1 -10 158.891830 190.478043 364.956421 280.595032 -1 -1 -1 -1000 -1000 -1000 -10 0.999729
Car -1 -1 -10 673.871094 180.813004 759.289185 246.140228 -1 -1 -1 -1000 -1000 -1000 -10 0.999697
Car -1 -1 -10 343.489594 181.825562 492.187012 235.123291 -1 -1 -1 -1000 -1000 -1000 -10 0.999640
Car -1 -1 -10 749.845764 193.657761 986.646729 339.477692 -1 -1 -1 -1000 -1000 -1000 -10 0.999608
Car -1 -1 -10 658.643066 179.543060 709.603149 222.174316 -1 -1 -1 -1000 -1000 -1000 -10 0.999476
Car -1 -1 -10 482.810120 173.911072 546.279114 204.913193 -1 -1 -1 -1000 -1000 -1000 -10 0.999122
Car -1 -1 -10 637.444824 174.881683 665.710693 199.756439 -1 -1 -1 -1000 -1000 -1000 -10 0.995788
Car -1 -1 -10 399.210327 172.856567 475.778839 206.736313 -1 -1 -1 -1000 -1000 -1000 -10 0.949252
Car -1 -1 -10 230.038681 179.808472 346.115173 226.283615 -1 -1 -1 -1000 -1000 -1000 -10 0.894431
Car -1 -1 -10 263.975952 190.163361 402.153412 246.095459 -1 -1 -1 -1000 -1000 -1000 -10 0.748418
