Car -1 -1 -10 948.060181 200.415054 1216.000000 317.618286 -1 -1 -1 -1000 -1000 -1000 -10 0.999896
Car -1 -1 -10 396.039062 179.243500 505.696869 220.869965 -1 -1 -1 -1000 -1000 -1000 -10 0.999769
Car -1 -1 -10 74.498352 180.299698 386.025391 298.239563 -1 -1 -1 -1000 -1000 -1000 -10 0.999752
Car -1 -1 -10 634.562683 181.416824 674.561096 213.709351 -1 -1 -1 -1000 -1000 -1000 -10 0.999676
Car -1 -1 -10 332.693542 183.400085 457.644897 234.353638 -1 -1 -1 -1000 -1000 -1000 -10 0.999463
Car -1 -1 -10 732.310059 183.917114 877.884338 236.229843 -1 -1 -1 -1000 -1000 -1000 -10 0.999280
Car -1 -1 -10 236.225037 177.580704 421.514587 255.844727 -1 -1 -1 -1000 -1000 -1000 -10 0.998829
Car -1 -1 -10 877.480530 183.426346 1089.292358 291.899811 -1 -1 -1 -1000 -1000 -1000 -10 0.985898
Car -1 -1 -10 507.621307 179.440842 550.491455 201.829880 -1 -1 -1 -1000 -1000 -1000 -10 0.975892
Car -1 -1 -10 549.213623 178.098953 577.761047 197.292404 -1 -1 -1 -1000 -1000 -1000 -10 0.974907
Car -1 -1 -10 472.397522 180.167313 534.235840 208.126297 -1 -1 -1 -1000 -1000 -1000 -10 0.946643
