Car -1 -1 -10 214.735123 175.779785 303.123596 212.922684 -1 -1 -1 -1000 -1000 -1000 -10 0.999776
Car -1 -1 -10 795.068542 178.726212 1021.985962 343.493103 -1 -1 -1 -1000 -1000 -1000 -10 0.999417
Car -1 -1 -10 341.650818 165.193741 418.074585 209.544556 -1 -1 -1 -1000 -1000 -1000 -10 0.999403
Car -1 -1 -10 420.877747 175.160339 474.374847 209.768188 -1 -1 -1 -1000 -1000 -1000 -10 0.998746
Car -1 -1 -10 113.320984 169.096527 192.529373 212.698364 -1 -1 -1 -1000 -1000 -1000 -10 0.998651
Car -1 -1 -10 725.501587 167.786697 779.093506 200.145432 -1 -1 -1 -1000 -1000 -1000 -10 0.996196
Car -1 -1 -10 516.835083 166.413925 560.236084 191.357727 -1 -1 -1 -1000 -1000 -1000 -10 0.985055
Car -1 -1 -10 758.584961 164.845154 813.728149 196.282715 -1 -1 -1 -1000 -1000 -1000 -10 0.979870
Car -1 -1 -10 804.695251 151.915283 911.215027 237.305099 -1 -1 -1 -1000 -1000 -1000 -10 0.929924
Car -1 -1 -10 585.585571 168.987244 628.044495 206.135254 -1 -1 -1 -1000 -1000 -1000 -10 0.760862
