Car -1 -1 -10 437.155945 188.233673 497.780090 227.248306 -1 -1 -1 -1000 -1000 -1000 -10 0.999770
Car -1 -1 -10 368.318359 191.183517 452.625793 246.012344 -1 -1 -1 -1000 -1000 -1000 -10 0.999761
Car -1 -1 -10 274.265503 197.517868 398.590790 272.227539 -1 -1 -1 -1000 -1000 -1000 -10 0.999753
Car -1 -1 -10 97.600189 208.771454 328.186462 324.524170 -1 -1 -1 -1000 -1000 -1000 -10 0.999751
Car -1 -1 -10 668.034424 177.060913 745.860840 222.914551 -1 -1 -1 -1000 -1000 -1000 -10 0.999585
Car -1 -1 -10 877.758911 147.697922 1066.508057 211.709412 -1 -1 -1 -1000 -1000 -1000 -10 0.999336
Car -1 -1 -10 778.652039 157.070068 933.795837 207.568359 -1 -1 -1 -1000 -1000 -1000 -10 0.998987
Car -1 -1 -10 496.786224 182.488052 536.084290 208.435684 -1 -1 -1 -1000 -1000 -1000 -10 0.991415
Car -1 -1 -10 597.286743 174.340393 619.914185 192.707886 -1 -1 -1 -1000 -1000 -1000 -10 0.971170
Car -1 -1 -10 522.363586 182.694809 552.292908 202.822968 -1 -1 -1 -1000 -1000 -1000 -10 0.939068
