Car -1 -1 -10 682.753418 183.726105 760.685486 243.018005 -1 -1 -1 -1000 -1000 -1000 -10 0.999833
Car -1 -1 -10 653.185120 177.873840 705.305664 220.444000 -1 -1 -1 -1000 -1000 -1000 -10 0.999767
Car -1 -1 -10 254.199753 176.310440 444.144409 244.219528 -1 -1 -1 -1000 -1000 -1000 -10 0.999720
Car -1 -1 -10 81.758408 174.550217 344.515472 303.464478 -1 -1 -1 -1000 -1000 -1000 -10 0.999492
Car -1 -1 -10 769.208618 197.917953 1074.756592 352.000000 -1 -1 -1 -1000 -1000 -1000 -10 0.999491
Car -1 -1 -10 426.684967 176.144577 514.042236 215.685013 -1 -1 -1 -1000 -1000 -1000 -10 0.999473
Car -1 -1 -10 481.522705 175.120041 545.751282 204.510330 -1 -1 -1 -1000 -1000 -1000 -10 0.999101
Car -1 -1 -10 638.429443 177.411041 672.738403 205.544800 -1 -1 -1 -1000 -1000 -1000 -10 0.988428
Car -1 -1 -10 521.397400 176.869278 562.242432 199.069870 -1 -1 -1 -1000 -1000 -1000 -10 0.986600
Car -1 -1 -10 348.683990 169.825836 485.773163 224.932266 -1 -1 -1 -1000 -1000 -1000 -10 0.969282
