Car -1 -1 -10 718.083496 180.335785 816.274292 255.140030 -1 -1 -1 -1000 -1000 -1000 -10 0.999924
Car -1 -1 -10 196.065491 183.539902 429.807220 256.704529 -1 -1 -1 -1000 -1000 -1000 -10 0.999854
Car -1 -1 -10 748.503723 184.545502 911.837219 296.870605 -1 -1 -1 -1000 -1000 -1000 -10 0.999822
Car -1 -1 -10 322.408813 182.511185 475.574402 236.869202 -1 -1 -1 -1000 -1000 -1000 -10 0.999731
Car -1 -1 -10 438.175018 180.391861 541.530457 219.695175 -1 -1 -1 -1000 -1000 -1000 -10 0.999707
Car -1 -1 -10 683.437073 180.178421 732.817871 218.236450 -1 -1 -1 -1000 -1000 -1000 -10 0.999654
Car -1 -1 -10 500.708862 179.091339 569.639893 207.043411 -1 -1 -1 -1000 -1000 -1000 -10 0.991635
Car -1 -1 -10 707.837402 177.341034 761.324036 221.108627 -1 -1 -1 -1000 -1000 -1000 -10 0.970722
Car -1 -1 -10 27.028488 203.921555 304.326294 326.046051 -1 -1 -1 -1000 -1000 -1000 -10 0.957584
Car -1 -1 -10 653.161865 171.549835 676.860291 199.214874 -1 -1 -1 -1000 -1000 -1000 -10 0.778447
