Car -1 -1 -10 312.684875 196.262253 442.868164 264.949982 -1 -1 -1 -1000 -1000 -1000 -10 0.999865
Car -1 -1 -10 187.394867 191.991867 256.132751 229.188782 -1 -1 -1 -1000 -1000 -1000 -10 0.999809
Car -1 -1 -10 784.044800 178.115570 885.061768 237.083923 -1 -1 -1 -1000 -1000 -1000 -10 0.999669
Car -1 -1 -10 380.754730 178.174347 475.429382 220.858582 -1 -1 -1 -1000 -1000 -1000 -10 0.999599
Car -1 -1 -10 693.920410 177.414001 771.883789 229.475601 -1 -1 -1 -1000 -1000 -1000 -10 0.999520
Car -1 -1 -10 445.572113 167.006760 714.294556 308.055084 -1 -1 -1 -1000 -1000 -1000 -10 0.998920
Car -1 -1 -10 23.863564 188.627563 66.421432 208.779816 -1 -1 -1 -1000 -1000 -1000 -10 0.995666
Car -1 -1 -10 139.873657 187.802551 172.966278 209.698730 -1 -1 -1 -1000 -1000 -1000 -10 0.994714
Car -1 -1 -10 350.103790 189.332031 405.290131 218.675812 -1 -1 -1 -1000 -1000 -1000 -10 0.822303
Car -1 -1 -10 873.846802 173.576721 1019.837219 223.869553 -1 -1 -1 -1000 -1000 -1000 -10 0.765713
