Car -1 -1 -10 478.679810 181.326660 521.955017 214.196243 -1 -1 -1 -1000 -1000 -1000 -10 0.999839
Car -1 -1 -10 446.838440 188.035004 497.417480 222.643005 -1 -1 -1 -1000 -1000 -1000 -10 0.999785
Car -1 -1 -10 408.969513 188.529221 474.239685 233.290268 -1 -1 -1 -1000 -1000 -1000 -10 0.999718
Car -1 -1 -10 655.237000 171.101105 706.376648 210.706360 -1 -1 -1 -1000 -1000 -1000 -10 0.999387
Car -1 -1 -10 119.971207 202.711166 192.908722 233.687103 -1 -1 -1 -1000 -1000 -1000 -10 0.995829
Car -1 -1 -10 21.538490 206.105713 108.156647 240.130737 -1 -1 -1 -1000 -1000 -1000 -10 0.986698
Car -1 -1 -10 177.993195 203.488815 242.998459 232.204300 -1 -1 -1 -1000 -1000 -1000 -10 0.973542
Car -1 -1 -10 676.933289 165.498535 719.949341 195.109009 -1 -1 -1 -1000 -1000 -1000 -10 0.926972
Car -1 -1 -10 533.296082 176.848816 560.654419 195.537094 -1 -1 -1 -1000 -1000 -1000 -10 0.761646
Car -1 -1 -10 641.582520 174.243073 665.031372 193.053253 -1 -1 -1 -1000 -1000 -1000 -10 0.713527
