Car -1 -1 -10 552.675720 181.345596 606.549316 214.578094 -1 -1 -1 -1000 -1000 -1000 -10 0.999659
Car -1 -1 -10 659.928345 176.952332 706.266724 203.852249 -1 -1 -1 -1000 -1000 -1000 -10 0.999641
Car -1 -1 -10 722.826477 178.991104 821.962830 244.239502 -1 -1 -1 -1000 -1000 -1000 -10 0.999597
Car -1 -1 -10 340.413269 187.373383 493.631134 280.759399 -1 -1 -1 -1000 -1000 -1000 -10 0.999392
Car -1 -1 -10 433.578949 184.010666 531.102417 247.467438 -1 -1 -1 -1000 -1000 -1000 -10 0.999227
Car -1 -1 -10 773.532593 181.635239 935.913086 283.224304 -1 -1 -1 -1000 -1000 -1000 -10 0.999093
Car -1 -1 -10 493.542633 179.298111 554.520935 226.296906 -1 -1 -1 -1000 -1000 -1000 -10 0.998636
Car -1 -1 -10 803.205261 168.067520 838.447571 195.015564 -1 -1 -1 -1000 -1000 -1000 -10 0.990469
Car -1 -1 -10 854.543213 161.066971 910.635376 198.676819 -1 -1 -1 -1000 -1000 -1000 -10 0.952193
Car -1 -1 -10 879.562317 186.842300 1117.268311 341.610352 -1 -1 -1 -1000 -1000 -1000 -10 0.877788
Pedestrian -1 -1 -10 930.991394 152.842789 972.337769 246.989258 -1 -1 -1 -1000 -1000 -1000 -10 0.968463
