Car -1 -1 -10 412.370270 189.079117 483.739929 232.974731 -1 -1 -1 -1000 -1000 -1000 -10 0.999827
Car -1 -1 -10 323.996002 193.313202 428.966888 258.474426 -1 -1 -1 -1000 -1000 -1000 -10 0.999713
Car -1 -1 -10 805.146118 156.348404 968.939819 209.854187 -1 -1 -1 -1000 -1000 -1000 -10 0.999702
Car -1 -1 -10 684.337097 176.291824 770.447021 227.231689 -1 -1 -1 -1000 -1000 -1000 -10 0.999668
Car -1 -1 -10 177.646149 203.918839 348.747223 301.661621 -1 -1 -1 -1000 -1000 -1000 -10 0.999608
Car -1 -1 -10 487.948120 183.142746 528.423828 212.477509 -1 -1 -1 -1000 -1000 -1000 -10 0.999304
Car -1 -1 -10 936.172852 139.186066 1186.183960 221.798340 -1 -1 -1 -1000 -1000 -1000 -10 0.998518
Car -1 -1 -10 652.322021 175.672852 699.862732 205.754501 -1 -1 -1 -1000 -1000 -1000 -10 0.996725
Car -1 -1 -10 595.681396 174.437485 618.484558 192.390411 -1 -1 -1 -1000 -1000 -1000 -10 0.981830
Car -1 -1 -10 458.399475 185.572876 501.928314 219.794968 -1 -1 -1 -1000 -1000 -1000 -10 0.972728
Car -1 -1 -10 6.885406 228.392441 211.218628 348.500488 -1 -1 -1 -1000 -1000 -1000 -10 0.799834
Car -1 -1 -10 515.704773 182.210968 545.573242 204.012466 -1 -1 -1 -1000 -1000 -1000 -10 0.798405
