Car -1 -1 -10 292.105408 171.364365 460.894958 232.813980 -1 -1 -1 -1000 -1000 -1000 -10 0.999833
Car -1 -1 -10 676.576111 176.176910 747.499084 230.162720 -1 -1 -1 -1000 -1000 -1000 -10 0.999809
Car -1 -1 -10 651.569641 172.363770 699.825867 211.051193 -1 -1 -1 -1000 -1000 -1000 -10 0.999686
Car -1 -1 -10 739.688049 183.803345 967.515747 329.662201 -1 -1 -1 -1000 -1000 -1000 -10 0.999453
Car -1 -1 -10 152.665070 171.371658 381.469025 279.822815 -1 -1 -1 -1000 -1000 -1000 -10 0.999162
Car -1 -1 -10 442.677032 170.973877 520.226257 208.213989 -1 -1 -1 -1000 -1000 -1000 -10 0.998867
Car -1 -1 -10 490.601471 171.352310 543.620117 199.747910 -1 -1 -1 -1000 -1000 -1000 -10 0.997391
Car -1 -1 -10 528.799622 172.279526 563.830261 192.845428 -1 -1 -1 -1000 -1000 -1000 -10 0.986422
Car -1 -1 -10 636.899292 173.131470 666.469849 198.039459 -1 -1 -1 -1000 -1000 -1000 -10 0.867864
Car -1 -1 -10 7.845871 163.543640 256.534058 299.582550 -1 -1 -1 -1000 -1000 -1000 -10 0.813613
Car -1 -1 -10 374.911133 165.703644 486.928558 212.547836 -1 -1 -1 -1000 -1000 -1000 -10 0.747887
