Car -1 -1 -10 175.105652 166.820923 397.302368 264.459595 -1 -1 -1 -1000 -1000 -1000 -10 0.999800
Car -1 -1 -10 854.482422 187.786987 1091.418823 291.696594 -1 -1 -1 -1000 -1000 -1000 -10 0.999718
Car -1 -1 -10 378.207520 178.849548 507.750427 230.494568 -1 -1 -1 -1000 -1000 -1000 -10 0.999672
Car -1 -1 -10 783.501526 183.657898 976.627075 257.179932 -1 -1 -1 -1000 -1000 -1000 -10 0.999391
Car -1 -1 -10 633.554016 178.476013 676.452087 212.753067 -1 -1 -1 -1000 -1000 -1000 -10 0.999258
Car -1 -1 -10 740.412537 182.790054 877.092285 232.477173 -1 -1 -1 -1000 -1000 -1000 -10 0.992271
Car -1 -1 -10 17.093781 192.086060 274.411987 321.979431 -1 -1 -1 -1000 -1000 -1000 -10 0.987077
Car -1 -1 -10 623.626526 177.389755 655.345459 200.418411 -1 -1 -1 -1000 -1000 -1000 -10 0.973123
Car -1 -1 -10 481.580505 179.049667 534.513428 207.371399 -1 -1 -1 -1000 -1000 -1000 -10 0.968100
Car -1 -1 -10 107.644958 183.803680 159.354584 209.752029 -1 -1 -1 -1000 -1000 -1000 -10 0.775449
