Car -1 -1 -10 445.597412 187.782089 502.524170 224.509613 -1 -1 -1 -1000 -1000 -1000 -10 0.999811
Car -1 -1 -10 157.313232 203.864441 350.070129 307.272583 -1 -1 -1 -1000 -1000 -1000 -10 0.999714
Car -1 -1 -10 296.031036 195.757980 410.649780 266.127960 -1 -1 -1 -1000 -1000 -1000 -10 0.999696
Car -1 -1 -10 382.329285 189.297821 458.938171 241.279755 -1 -1 -1 -1000 -1000 -1000 -10 0.999691
Car -1 -1 -10 661.886047 175.710373 744.839966 221.271561 -1 -1 -1 -1000 -1000 -1000 -10 0.999666
Car -1 -1 -10 784.805542 157.081543 937.100464 206.937149 -1 -1 -1 -1000 -1000 -1000 -10 0.999317
Car -1 -1 -10 855.246887 150.697449 1040.578979 209.660843 -1 -1 -1 -1000 -1000 -1000 -10 0.999302
Car -1 -1 -10 1170.306396 134.624039 1216.000000 176.909317 -1 -1 -1 -1000 -1000 -1000 -10 0.997667
Car -1 -1 -10 501.432587 181.399689 539.788452 207.418228 -1 -1 -1 -1000 -1000 -1000 -10 0.989229
Car -1 -1 -10 0.000000 226.167023 187.342285 352.000000 -1 -1 -1 -1000 -1000 -1000 -10 0.934996
Car -1 -1 -10 599.913330 173.542786 621.309937 192.120193 -1 -1 -1 -1000 -1000 -1000 -10 0.920656
Car -1 -1 -10 652.108215 175.882126 703.081848 204.216125 -1 -1 -1 -1000 -1000 -1000 -10 0.913613
