Car -1 -1 -10 456.249207 184.416489 517.737915 228.500854 -1 -1 -1 -1000 -1000 -1000 -10 0.999850
Car -1 -1 -10 400.254669 186.084808 492.349487 245.965561 -1 -1 -1 -1000 -1000 -1000 -10 0.999748
Car -1 -1 -10 695.073792 176.641663 750.294312 224.112549 -1 -1 -1 -1000 -1000 -1000 -10 0.999742
Car -1 -1 -10 294.920074 189.332581 441.761414 278.802612 -1 -1 -1 -1000 -1000 -1000 -10 0.999728
Car -1 -1 -10 525.911377 180.394379 566.833008 209.161728 -1 -1 -1 -1000 -1000 -1000 -10 0.999664
Car -1 -1 -10 742.804382 184.848801 869.823792 266.147186 -1 -1 -1 -1000 -1000 -1000 -10 0.999632
Car -1 -1 -10 800.895630 188.832855 1054.176758 335.204285 -1 -1 -1 -1000 -1000 -1000 -10 0.999341
Car -1 -1 -10 682.457520 177.564957 720.181885 212.196304 -1 -1 -1 -1000 -1000 -1000 -10 0.998175
Car -1 -1 -10 711.812744 181.342987 792.850769 239.546295 -1 -1 -1 -1000 -1000 -1000 -10 0.998086
Car -1 -1 -10 623.996765 178.813736 642.335449 195.505035 -1 -1 -1 -1000 -1000 -1000 -10 0.903924
