Car -1 -1 -10 279.796478 176.055191 453.159821 238.632660 -1 -1 -1 -1000 -1000 -1000 -10 0.999847
Car -1 -1 -10 679.505554 181.424728 753.947388 237.678986 -1 -1 -1 -1000 -1000 -1000 -10 0.999794
Car -1 -1 -10 437.228973 175.366394 517.912598 212.873138 -1 -1 -1 -1000 -1000 -1000 -10 0.999641
Car -1 -1 -10 651.985840 176.340302 700.981445 216.939529 -1 -1 -1 -1000 -1000 -1000 -10 0.999509
Car -1 -1 -10 752.880615 189.803329 1017.088440 352.000000 -1 -1 -1 -1000 -1000 -1000 -10 0.999505
Car -1 -1 -10 112.164368 171.799347 363.675171 299.994995 -1 -1 -1 -1000 -1000 -1000 -10 0.999434
Car -1 -1 -10 636.759705 175.003174 671.171509 203.367371 -1 -1 -1 -1000 -1000 -1000 -10 0.998688
Car -1 -1 -10 492.749542 175.945557 545.277222 202.935104 -1 -1 -1 -1000 -1000 -1000 -10 0.996775
Car -1 -1 -10 155.908417 170.769684 249.828369 209.646118 -1 -1 -1 -1000 -1000 -1000 -10 0.930028
Car -1 -1 -10 532.947510 175.299759 563.808960 195.670090 -1 -1 -1 -1000 -1000 -1000 -10 0.835260
