Car -1 -1 -10 435.562103 174.477264 533.930908 218.383759 -1 -1 -1 -1000 -1000 -1000 -10 0.999891
Car -1 -1 -10 253.322815 189.581863 319.106934 225.506378 -1 -1 -1 -1000 -1000 -1000 -10 0.999890
Car -1 -1 -10 370.657898 194.210510 496.045868 262.723755 -1 -1 -1 -1000 -1000 -1000 -10 0.999880
Car -1 -1 -10 857.631470 171.238373 978.960266 238.534851 -1 -1 -1 -1000 -1000 -1000 -10 0.999673
Car -1 -1 -10 758.835266 173.217178 846.605957 231.342102 -1 -1 -1 -1000 -1000 -1000 -10 0.999396
Car -1 -1 -10 31.005581 186.673691 99.489456 222.483261 -1 -1 -1 -1000 -1000 -1000 -10 0.999330
Car -1 -1 -10 519.968384 156.171417 799.370239 324.619019 -1 -1 -1 -1000 -1000 -1000 -10 0.998165
Car -1 -1 -10 213.981033 185.047516 243.333572 206.533905 -1 -1 -1 -1000 -1000 -1000 -10 0.984155
Car -1 -1 -10 112.481438 184.452774 151.752930 204.061890 -1 -1 -1 -1000 -1000 -1000 -10 0.973610
Car -1 -1 -10 955.506226 166.125183 1116.536011 216.972092 -1 -1 -1 -1000 -1000 -1000 -10 0.741664
