Car -1 -1 -10 688.636353 184.024658 780.428528 250.840088 -1 -1 -1 -1000 -1000 -1000 -10 0.999780
Car -1 -1 -10 292.861969 183.759888 462.828857 288.997681 -1 -1 -1 -1000 -1000 -1000 -10 0.999732
Car -1 -1 -10 441.045288 176.056992 504.716705 227.667664 -1 -1 -1 -1000 -1000 -1000 -10 0.999538
Car -1 -1 -10 634.270081 180.358551 667.635559 205.740158 -1 -1 -1 -1000 -1000 -1000 -10 0.999358
Car -1 -1 -10 582.957947 179.538177 616.804565 206.104263 -1 -1 -1 -1000 -1000 -1000 -10 0.998861
Car -1 -1 -10 157.219833 187.107498 313.032593 253.450211 -1 -1 -1 -1000 -1000 -1000 -10 0.998547
Car -1 -1 -10 313.108215 185.611786 394.440186 225.499756 -1 -1 -1 -1000 -1000 -1000 -10 0.995342
Car -1 -1 -10 498.650604 178.831635 537.929565 208.437683 -1 -1 -1 -1000 -1000 -1000 -10 0.994108
Car -1 -1 -10 390.806427 180.909225 429.680542 214.336029 -1 -1 -1 -1000 -1000 -1000 -10 0.967566
Car -1 -1 -10 520.432373 179.564301 550.421509 202.494614 -1 -1 -1 -1000 -1000 -1000 -10 0.750710
