Car -1 -1 -10 593.383484 181.145523 635.016663 216.395844 -1 -1 -1 -1000 -1000 -1000 -10 0.999762
Car -1 -1 -10 222.579880 182.180115 421.120300 307.619690 -1 -1 -1 -1000 -1000 -1000 -10 0.999761
Car -1 -1 -10 438.123505 182.832870 508.754883 231.873413 -1 -1 -1 -1000 -1000 -1000 -10 0.999311
Car -1 -1 -10 492.131897 183.350616 537.666443 217.914490 -1 -1 -1 -1000 -1000 -1000 -10 0.997988
Car -1 -1 -10 415.628448 181.604904 458.622314 213.081238 -1 -1 -1 -1000 -1000 -1000 -10 0.995865
Car -1 -1 -10 0.000000 190.865295 192.585815 296.056854 -1 -1 -1 -1000 -1000 -1000 -10 0.995515
Car -1 -1 -10 637.774109 181.787399 666.427185 204.504639 -1 -1 -1 -1000 -1000 -1000 -10 0.994272
Car -1 -1 -10 195.280701 174.697083 325.838074 243.742615 -1 -1 -1 -1000 -1000 -1000 -10 0.993941
Car -1 -1 -10 305.707764 178.144318 375.051666 215.621078 -1 -1 -1 -1000 -1000 -1000 -10 0.991243
Car -1 -1 -10 524.127136 182.423065 553.163940 206.288132 -1 -1 -1 -1000 -1000 -1000 -10 0.838717
