Car -1 -1 -10 701.464111 180.125687 844.301880 277.950623 -1 -1 -1 -1000 -1000 -1000 -10 0.999795
Car -1 -1 -10 461.533813 170.258286 538.737122 203.934235 -1 -1 -1 -1000 -1000 -1000 -10 0.999726
Car -1 -1 -10 777.481689 178.590668 958.613098 249.920135 -1 -1 -1 -1000 -1000 -1000 -10 0.999396
Car -1 -1 -10 712.919739 172.938217 783.298828 217.251343 -1 -1 -1 -1000 -1000 -1000 -10 0.994076
Car -1 -1 -10 504.883636 169.966446 556.560974 191.260849 -1 -1 -1 -1000 -1000 -1000 -10 0.992828
Car -1 -1 -10 197.704651 164.764496 442.071228 247.119308 -1 -1 -1 -1000 -1000 -1000 -10 0.992719
Car -1 -1 -10 73.525703 167.477875 322.059021 289.387268 -1 -1 -1 -1000 -1000 -1000 -10 0.992411
Car -1 -1 -10 633.451050 171.681015 660.111816 191.451935 -1 -1 -1 -1000 -1000 -1000 -10 0.987271
Car -1 -1 -10 681.653259 173.487228 731.020203 200.444321 -1 -1 -1 -1000 -1000 -1000 -10 0.986969
Car -1 -1 -10 778.759399 176.715057 843.798340 202.110779 -1 -1 -1 -1000 -1000 -1000 -10 0.984703
Car -1 -1 -10 404.797272 173.310211 511.107330 211.836731 -1 -1 -1 -1000 -1000 -1000 -10 0.981163
