Car -1 -1 -10 365.544006 190.014420 456.659851 248.370895 -1 -1 -1 -1000 -1000 -1000 -10 0.999767
Car -1 -1 -10 718.074463 179.576721 847.758240 266.991608 -1 -1 -1 -1000 -1000 -1000 -10 0.999741
Car -1 -1 -10 675.566467 182.012253 743.223267 225.972260 -1 -1 -1 -1000 -1000 -1000 -10 0.999723
Car -1 -1 -10 446.825623 186.770050 506.343964 224.084778 -1 -1 -1 -1000 -1000 -1000 -10 0.999719
Car -1 -1 -10 238.994781 197.998566 403.873413 281.581238 -1 -1 -1 -1000 -1000 -1000 -10 0.999716
Car -1 -1 -10 765.056030 180.686798 1030.390503 335.616333 -1 -1 -1 -1000 -1000 -1000 -10 0.999443
Car -1 -1 -10 497.603394 180.840408 539.948181 208.036469 -1 -1 -1 -1000 -1000 -1000 -10 0.998444
Car -1 -1 -10 560.301697 177.656158 593.889221 197.827377 -1 -1 -1 -1000 -1000 -1000 -10 0.998101
Car -1 -1 -10 652.596558 179.968582 700.247803 211.168091 -1 -1 -1 -1000 -1000 -1000 -10 0.997095
Car -1 -1 -10 1000.752625 156.052109 1216.000000 257.336426 -1 -1 -1 -1000 -1000 -1000 -10 0.991043
Car -1 -1 -10 31.323074 214.749359 218.275177 312.670074 -1 -1 -1 -1000 -1000 -1000 -10 0.917766
