Pedestrian -1 -1 -10 577.698181 153.071793 624.293884 283.120239 -1 -1 -1 -1000 -1000 -1000 -10 0.999237
Pedestrian -1 -1 -10 887.719910 141.528030 971.029968 346.091797 -1 -1 -1 -1000 -1000 -1000 -10 0.999171
Pedestrian -1 -1 -10 656.364990 154.652618 722.273254 296.234894 -1 -1 -1 -1000 -1000 -1000 -10 0.999041
Pedestrian -1 -1 -10 628.522827 159.474014 666.288086 278.844238 -1 -1 -1 -1000 -1000 -1000 -10 0.996178
Pedestrian -1 -1 -10 259.393799 156.035706 279.791016 209.256561 -1 -1 -1 -1000 -1000 -1000 -10 0.990834
Pedestrian -1 -1 -10 1172.911621 170.355133 1216.000000 308.885284 -1 -1 -1 -1000 -1000 -1000 -10 0.958034
Pedestrian -1 -1 -10 926.884033 171.793335 1014.924927 300.737305 -1 -1 -1 -1000 -1000 -1000 -10 0.915915
Pedestrian -1 -1 -10 674.646912 158.199768 711.075806 219.819794 -1 -1 -1 -1000 -1000 -1000 -10 0.858180
Pedestrian -1 -1 -10 221.626205 160.822205 239.728973 204.709641 -1 -1 -1 -1000 -1000 -1000 -10 0.715706
Pedestrian -1 -1 -10 497.989227 169.575211 516.896240 231.094559 -1 -1 -1 -1000 -1000 -1000 -10 0.700883
