Car -1 -1 -10 309.250671 171.322174 469.348724 229.777588 -1 -1 -1 -1000 -1000 -1000 -10 0.999929
Car -1 -1 -10 488.646301 170.224792 548.284058 198.855011 -1 -1 -1 -1000 -1000 -1000 -10 0.999788
Car -1 -1 -10 672.578918 174.739044 740.193604 226.715256 -1 -1 -1 -1000 -1000 -1000 -10 0.999721
Car -1 -1 -10 650.108215 171.642807 697.072754 209.057861 -1 -1 -1 -1000 -1000 -1000 -10 0.999683
Car -1 -1 -10 181.744720 170.606537 389.163635 267.251160 -1 -1 -1 -1000 -1000 -1000 -10 0.999525
Car -1 -1 -10 731.565063 182.273407 926.971069 308.699646 -1 -1 -1 -1000 -1000 -1000 -10 0.999395
Car -1 -1 -10 447.067291 171.100922 521.760437 206.665863 -1 -1 -1 -1000 -1000 -1000 -10 0.998623
Car -1 -1 -10 535.295837 169.768188 567.944702 189.813553 -1 -1 -1 -1000 -1000 -1000 -10 0.995113
Car -1 -1 -10 384.862091 164.203461 489.259033 207.347305 -1 -1 -1 -1000 -1000 -1000 -10 0.836636
Car -1 -1 -10 638.253174 172.795273 668.762024 197.291122 -1 -1 -1 -1000 -1000 -1000 -10 0.796241
Car -1 -1 -10 53.262421 164.091705 299.862946 296.226562 -1 -1 -1 -1000 -1000 -1000 -10 0.768048
