Car -1 -1 -10 405.789124 183.142914 505.645630 243.430679 -1 -1 -1 -1000 -1000 -1000 -10 0.999618
Car -1 -1 -10 460.742065 179.450485 530.807007 225.879959 -1 -1 -1 -1000 -1000 -1000 -10 0.999511
Car -1 -1 -10 295.791656 186.718704 458.547150 279.877289 -1 -1 -1 -1000 -1000 -1000 -10 0.999267
Car -1 -1 -10 502.256653 182.510132 553.417480 214.937958 -1 -1 -1 -1000 -1000 -1000 -10 0.999058
Car -1 -1 -10 1002.670410 130.639847 1216.000000 207.415909 -1 -1 -1 -1000 -1000 -1000 -10 0.999008
Car -1 -1 -10 637.186584 175.883728 681.864136 207.257416 -1 -1 -1 -1000 -1000 -1000 -10 0.997618
Car -1 -1 -10 712.078613 170.554291 797.640869 214.438400 -1 -1 -1 -1000 -1000 -1000 -10 0.994629
Car -1 -1 -10 579.487610 169.170349 616.459839 184.340714 -1 -1 -1 -1000 -1000 -1000 -10 0.976408
Car -1 -1 -10 683.332520 172.556015 739.448120 199.917786 -1 -1 -1 -1000 -1000 -1000 -10 0.969635
Car -1 -1 -10 88.256607 201.111938 324.083466 327.784607 -1 -1 -1 -1000 -1000 -1000 -10 0.915614
