Car -1 -1 -10 469.534332 183.491653 523.733276 219.713348 -1 -1 -1 -1000 -1000 -1000 -10 0.999789
Car -1 -1 -10 96.426788 187.551727 223.898605 241.269089 -1 -1 -1 -1000 -1000 -1000 -10 0.999384
Car -1 -1 -10 593.375854 180.828278 672.153992 248.772919 -1 -1 -1 -1000 -1000 -1000 -10 0.999117
Car -1 -1 -10 249.894592 193.003693 389.028259 266.515045 -1 -1 -1 -1000 -1000 -1000 -10 0.998910
Car -1 -1 -10 759.846680 172.060364 941.149780 264.563873 -1 -1 -1 -1000 -1000 -1000 -10 0.998717
Car -1 -1 -10 535.795898 181.952515 568.543762 203.915482 -1 -1 -1 -1000 -1000 -1000 -10 0.998684
Car -1 -1 -10 694.493286 179.797638 780.874451 225.334579 -1 -1 -1 -1000 -1000 -1000 -10 0.997228
Car -1 -1 -10 351.422302 185.967392 407.298370 224.917236 -1 -1 -1 -1000 -1000 -1000 -10 0.996901
Car -1 -1 -10 668.769531 185.923798 720.304504 215.322922 -1 -1 -1 -1000 -1000 -1000 -10 0.875938
Car -1 -1 -10 412.378723 185.633789 456.968262 213.343536 -1 -1 -1 -1000 -1000 -1000 -10 0.743459
