Car -1 -1 -10 144.457718 176.247284 420.706390 277.530182 -1 -1 -1 -1000 -1000 -1000 -10 0.999890
Car -1 -1 -10 368.343323 180.837952 479.596283 223.289963 -1 -1 -1 -1000 -1000 -1000 -10 0.999629
Car -1 -1 -10 726.317871 183.085175 861.466064 230.041580 -1 -1 -1 -1000 -1000 -1000 -10 0.999586
Car -1 -1 -10 635.870850 178.158905 675.409485 210.548920 -1 -1 -1 -1000 -1000 -1000 -10 0.999571
Car -1 -1 -10 286.828064 177.885300 448.085480 241.350204 -1 -1 -1 -1000 -1000 -1000 -10 0.999477
Car -1 -1 -10 894.030945 193.509750 1184.576416 293.807281 -1 -1 -1 -1000 -1000 -1000 -10 0.999096
Car -1 -1 -10 421.441406 175.244415 520.107605 214.249420 -1 -1 -1 -1000 -1000 -1000 -10 0.998687
Car -1 -1 -10 501.836365 175.253189 551.609131 199.449219 -1 -1 -1 -1000 -1000 -1000 -10 0.991587
Car -1 -1 -10 846.547302 186.356415 1039.749756 253.787811 -1 -1 -1 -1000 -1000 -1000 -10 0.936642
Car -1 -1 -10 60.140945 203.969147 303.378906 318.291351 -1 -1 -1 -1000 -1000 -1000 -10 0.759090
