Car -1 -1 -10 362.932587 172.570709 506.310089 225.091324 -1 -1 -1 -1000 -1000 -1000 -10 0.999828
Car -1 -1 -10 729.035461 184.408279 981.954956 345.599457 -1 -1 -1 -1000 -1000 -1000 -10 0.999727
Car -1 -1 -10 812.625549 179.428223 911.617310 221.403885 -1 -1 -1 -1000 -1000 -1000 -10 0.999355
Car -1 -1 -10 732.304626 174.552429 820.189758 226.629791 -1 -1 -1 -1000 -1000 -1000 -10 0.999229
Car -1 -1 -10 492.833496 170.818604 558.191284 196.129135 -1 -1 -1 -1000 -1000 -1000 -10 0.998994
Car -1 -1 -10 685.284302 175.668350 737.966125 203.425720 -1 -1 -1 -1000 -1000 -1000 -10 0.997849
Car -1 -1 -10 441.573303 172.597565 523.137512 206.571487 -1 -1 -1 -1000 -1000 -1000 -10 0.996768
Car -1 -1 -10 832.720703 185.508057 1052.244263 278.297363 -1 -1 -1 -1000 -1000 -1000 -10 0.996397
Car -1 -1 -10 62.154343 180.381805 358.481140 284.213318 -1 -1 -1 -1000 -1000 -1000 -10 0.996114
Car -1 -1 -10 635.451111 174.328461 663.872620 196.329315 -1 -1 -1 -1000 -1000 -1000 -10 0.973520
Car -1 -1 -10 553.720276 170.775711 582.533875 188.729462 -1 -1 -1 -1000 -1000 -1000 -10 0.846592
