Car -1 -1 -10 186.794785 169.558487 415.982239 265.477112 -1 -1 -1 -1000 -1000 -1000 -10 0.999893
Car -1 -1 -10 712.837769 189.228882 876.323242 298.486267 -1 -1 -1 -1000 -1000 -1000 -10 0.999775
Car -1 -1 -10 663.296143 176.785233 732.685791 235.073532 -1 -1 -1 -1000 -1000 -1000 -10 0.999706
Car -1 -1 -10 320.327393 182.603790 469.740784 241.072754 -1 -1 -1 -1000 -1000 -1000 -10 0.999666
Car -1 -1 -10 0.000000 187.994614 306.878235 309.864014 -1 -1 -1 -1000 -1000 -1000 -10 0.998298
Car -1 -1 -10 646.431274 178.558060 689.415833 218.796051 -1 -1 -1 -1000 -1000 -1000 -10 0.998058
Car -1 -1 -10 452.715881 179.381607 526.374817 213.030594 -1 -1 -1 -1000 -1000 -1000 -10 0.996458
Car -1 -1 -10 400.589264 183.662537 490.140625 221.677780 -1 -1 -1 -1000 -1000 -1000 -10 0.991927
Car -1 -1 -10 509.740662 179.000046 552.478455 199.691818 -1 -1 -1 -1000 -1000 -1000 -10 0.975962
Car -1 -1 -10 634.907898 179.361557 661.318237 204.226089 -1 -1 -1 -1000 -1000 -1000 -10 0.912198
