Car -1 -1 -10 391.784821 190.071060 473.550964 238.782394 -1 -1 -1 -1000 -1000 -1000 -10 0.999802
Car -1 -1 -10 695.614136 175.774124 794.178162 235.989822 -1 -1 -1 -1000 -1000 -1000 -10 0.999714
Car -1 -1 -10 278.150574 196.043930 408.307007 269.861053 -1 -1 -1 -1000 -1000 -1000 -10 0.999700
Car -1 -1 -10 825.742065 155.765305 993.673401 214.501770 -1 -1 -1 -1000 -1000 -1000 -10 0.999667
Car -1 -1 -10 997.950439 138.947189 1216.000000 233.809052 -1 -1 -1 -1000 -1000 -1000 -10 0.999561
Car -1 -1 -10 656.341309 176.627701 710.588684 211.518311 -1 -1 -1 -1000 -1000 -1000 -10 0.999424
Car -1 -1 -10 482.242645 183.077042 527.256348 213.164597 -1 -1 -1 -1000 -1000 -1000 -10 0.999371
Car -1 -1 -10 61.667755 206.461029 307.862671 334.611694 -1 -1 -1 -1000 -1000 -1000 -10 0.999292
Car -1 -1 -10 444.364532 186.997589 498.407806 224.489120 -1 -1 -1 -1000 -1000 -1000 -10 0.998558
Car -1 -1 -10 591.480713 174.537476 616.368469 192.608139 -1 -1 -1 -1000 -1000 -1000 -10 0.994981
Car -1 -1 -10 512.844910 181.055450 546.342407 203.993149 -1 -1 -1 -1000 -1000 -1000 -10 0.978678
Car -1 -1 -10 642.291138 175.925079 671.192078 200.124924 -1 -1 -1 -1000 -1000 -1000 -10 0.953901
Car -1 -1 -10 989.516907 136.281281 1131.019287 190.435211 -1 -1 -1 -1000 -1000 -1000 -10 0.746800
