Car -1 -1 -10 868.346313 144.026245 1035.318604 197.532364 -1 -1 -1 -1000 -1000 -1000 -10 0.999591
Car -1 -1 -10 442.139252 186.867996 507.504395 227.335358 -1 -1 -1 -1000 -1000 -1000 -10 0.999433
Car -1 -1 -10 191.182526 183.154236 479.798706 352.000000 -1 -1 -1 -1000 -1000 -1000 -10 0.999258
Car -1 -1 -10 478.475983 185.364609 525.514526 216.588547 -1 -1 -1 -1000 -1000 -1000 -10 0.998793
Car -1 -1 -10 674.716003 174.169342 732.277893 207.593430 -1 -1 -1 -1000 -1000 -1000 -10 0.994985
Car -1 -1 -10 614.127197 179.227448 652.959656 203.688034 -1 -1 -1 -1000 -1000 -1000 -10 0.994750
Car -1 -1 -10 504.511841 184.749466 541.252319 209.587692 -1 -1 -1 -1000 -1000 -1000 -10 0.991090
Car -1 -1 -10 647.604309 174.069748 693.713196 197.935669 -1 -1 -1 -1000 -1000 -1000 -10 0.982306
Car -1 -1 -10 591.953674 173.161591 614.290466 187.622070 -1 -1 -1 -1000 -1000 -1000 -10 0.745161
Car -1 -1 -10 1016.003784 139.254349 1114.941284 179.718842 -1 -1 -1 -1000 -1000 -1000 -10 0.736681
