Pedestrian -1 -1 -10 612.724548 135.165451 654.836914 270.886993 -1 -1 -1 -1000 -1000 -1000 -10 0.999629
Pedestrian -1 -1 -10 807.137024 126.088005 869.018738 335.540558 -1 -1 -1 -1000 -1000 -1000 -10 0.999629
Pedestrian -1 -1 -10 648.707458 144.362549 688.314331 261.305359 -1 -1 -1 -1000 -1000 -1000 -10 0.999544
Pedestrian -1 -1 -10 482.092407 139.440063 518.835815 265.720337 -1 -1 -1 -1000 -1000 -1000 -10 0.999361
Pedestrian -1 -1 -10 705.802917 128.199600 793.473572 345.718689 -1 -1 -1 -1000 -1000 -1000 -10 0.999341
Pedestrian -1 -1 -10 569.028809 137.521362 602.035889 253.087509 -1 -1 -1 -1000 -1000 -1000 -10 0.998953
Pedestrian -1 -1 -10 537.307739 136.647614 568.553162 254.783661 -1 -1 -1 -1000 -1000 -1000 -10 0.998423
Pedestrian -1 -1 -10 776.126953 137.998672 811.547485 278.232117 -1 -1 -1 -1000 -1000 -1000 -10 0.997674
Pedestrian -1 -1 -10 1108.747192 186.143875 1154.253174 267.006012 -1 -1 -1 -1000 -1000 -1000 -10 0.967124
Pedestrian -1 -1 -10 458.916473 147.703339 478.929901 216.692566 -1 -1 -1 -1000 -1000 -1000 -10 0.715649
