Car -1 -1 -10 401.311127 177.114227 509.884033 219.574493 -1 -1 -1 -1000 -1000 -1000 -10 0.999779
Car -1 -1 -10 698.990601 183.747223 798.231689 257.028412 -1 -1 -1 -1000 -1000 -1000 -10 0.999610
Car -1 -1 -10 478.318787 174.380737 539.965637 203.236603 -1 -1 -1 -1000 -1000 -1000 -10 0.999353
Car -1 -1 -10 764.087341 187.207092 860.512756 229.760513 -1 -1 -1 -1000 -1000 -1000 -10 0.998904
Car -1 -1 -10 318.863464 176.692612 467.564667 239.015030 -1 -1 -1 -1000 -1000 -1000 -10 0.998880
Car -1 -1 -10 25.127014 181.723282 329.650665 301.834351 -1 -1 -1 -1000 -1000 -1000 -10 0.996440
Car -1 -1 -10 532.284119 170.868103 566.596436 192.398071 -1 -1 -1 -1000 -1000 -1000 -10 0.988711
Car -1 -1 -10 211.208649 179.465561 419.732239 262.853180 -1 -1 -1 -1000 -1000 -1000 -10 0.983583
Car -1 -1 -10 637.735107 165.949875 675.337891 204.454910 -1 -1 -1 -1000 -1000 -1000 -10 0.959597
Car -1 -1 -10 264.227997 170.589905 364.665497 213.116074 -1 -1 -1 -1000 -1000 -1000 -10 0.898905
