Car -1 -1 -10 579.900085 175.005905 646.658630 228.066238 -1 -1 -1 -1000 -1000 -1000 -10 0.999531
Car -1 -1 -10 703.976013 182.693497 838.285156 268.462158 -1 -1 -1 -1000 -1000 -1000 -10 0.999273
Car -1 -1 -10 397.267456 180.685669 542.193115 276.206116 -1 -1 -1 -1000 -1000 -1000 -10 0.998853
Car -1 -1 -10 227.388550 174.546631 389.908997 251.960266 -1 -1 -1 -1000 -1000 -1000 -10 0.998384
Car -1 -1 -10 551.324951 176.227341 587.072876 200.708923 -1 -1 -1 -1000 -1000 -1000 -10 0.997175
Car -1 -1 -10 642.799622 178.763000 678.421753 203.989182 -1 -1 -1 -1000 -1000 -1000 -10 0.997048
Car -1 -1 -10 759.193298 174.316544 1015.248657 350.254089 -1 -1 -1 -1000 -1000 -1000 -10 0.997031
Car -1 -1 -10 680.637146 172.500473 775.581421 238.930679 -1 -1 -1 -1000 -1000 -1000 -10 0.956386
Car -1 -1 -10 7.994278 193.437500 239.898575 346.477295 -1 -1 -1 -1000 -1000 -1000 -10 0.889526
Pedestrian -1 -1 -10 959.464417 180.287704 1017.708252 352.000000 -1 -1 -1 -1000 -1000 -1000 -10 0.992590
