Car -1 -1 -10 687.245178 182.840958 750.449341 235.875488 -1 -1 -1 -1000 -1000 -1000 -10 0.999895
Car -1 -1 -10 480.173981 183.078278 532.779907 221.413208 -1 -1 -1 -1000 -1000 -1000 -10 0.999883
Car -1 -1 -10 704.011841 188.234283 800.928589 254.411209 -1 -1 -1 -1000 -1000 -1000 -10 0.999722
Car -1 -1 -10 667.290833 179.084335 698.440613 204.973480 -1 -1 -1 -1000 -1000 -1000 -10 0.999293
Car -1 -1 -10 905.243286 176.895386 1042.172852 225.363098 -1 -1 -1 -1000 -1000 -1000 -10 0.999079
Car -1 -1 -10 1001.285339 165.629822 1216.000000 245.143433 -1 -1 -1 -1000 -1000 -1000 -10 0.997941
Car -1 -1 -10 511.908783 186.690887 550.085571 212.780838 -1 -1 -1 -1000 -1000 -1000 -10 0.995056
Car -1 -1 -10 533.770020 185.826813 563.921631 206.982666 -1 -1 -1 -1000 -1000 -1000 -10 0.962099
Car -1 -1 -10 589.932678 179.364075 610.782532 197.027069 -1 -1 -1 -1000 -1000 -1000 -10 0.948791
Car -1 -1 -10 274.355835 185.597656 360.599060 216.941315 -1 -1 -1 -1000 -1000 -1000 -10 0.740832
