Car -1 -1 -10 719.259521 177.833054 895.586792 290.791962 -1 -1 -1 -1000 -1000 -1000 -10 0.999779
Car -1 -1 -10 371.542542 178.242371 459.692963 240.865509 -1 -1 -1 -1000 -1000 -1000 -10 0.999703
Car -1 -1 -10 209.293610 198.446472 381.344910 287.663300 -1 -1 -1 -1000 -1000 -1000 -10 0.999684
Car -1 -1 -10 474.314819 181.662994 520.967102 213.561722 -1 -1 -1 -1000 -1000 -1000 -10 0.999585
Car -1 -1 -10 431.139069 180.281006 491.486359 223.230042 -1 -1 -1 -1000 -1000 -1000 -10 0.999446
Car -1 -1 -10 548.945251 178.025253 583.648865 201.254608 -1 -1 -1 -1000 -1000 -1000 -10 0.999341
Car -1 -1 -10 516.923035 180.432358 549.314331 202.079880 -1 -1 -1 -1000 -1000 -1000 -10 0.996867
Car -1 -1 -10 0.000000 213.560974 237.080185 352.000000 -1 -1 -1 -1000 -1000 -1000 -10 0.996356
Car -1 -1 -10 635.214600 174.463043 664.689270 194.336746 -1 -1 -1 -1000 -1000 -1000 -10 0.989431
Car -1 -1 -10 686.134460 168.449188 753.961121 193.837692 -1 -1 -1 -1000 -1000 -1000 -10 0.989370
