Car -1 -1 -10 685.074463 177.424026 764.200623 230.971664 -1 -1 -1 -1000 -1000 -1000 -10 0.999910
Car -1 -1 -10 366.134033 189.810226 463.532745 247.096100 -1 -1 -1 -1000 -1000 -1000 -10 0.999771
Car -1 -1 -10 662.466370 178.584488 717.456543 216.523361 -1 -1 -1 -1000 -1000 -1000 -10 0.999768
Car -1 -1 -10 478.816376 184.412766 522.008789 215.010651 -1 -1 -1 -1000 -1000 -1000 -10 0.999743
Car -1 -1 -10 216.679321 198.359146 380.513794 287.560028 -1 -1 -1 -1000 -1000 -1000 -10 0.999706
Car -1 -1 -10 431.637299 187.865082 491.454254 229.281494 -1 -1 -1 -1000 -1000 -1000 -10 0.999618
Car -1 -1 -10 921.326050 148.999725 1123.695557 223.719330 -1 -1 -1 -1000 -1000 -1000 -10 0.999073
Car -1 -1 -10 586.247131 174.799759 614.783508 193.987869 -1 -1 -1 -1000 -1000 -1000 -10 0.998634
Car -1 -1 -10 644.090820 176.544510 680.469604 203.095352 -1 -1 -1 -1000 -1000 -1000 -10 0.997288
Car -1 -1 -10 1025.079590 136.045044 1216.000000 233.754700 -1 -1 -1 -1000 -1000 -1000 -10 0.997112
Car -1 -1 -10 509.650940 181.973083 547.127930 205.969711 -1 -1 -1 -1000 -1000 -1000 -10 0.996692
Car -1 -1 -10 25.877136 222.672760 216.274658 348.041931 -1 -1 -1 -1000 -1000 -1000 -10 0.939602
