Car -1 -1 -10 251.653397 183.870514 456.905090 248.787262 -1 -1 -1 -1000 -1000 -1000 -10 0.999863
Car -1 -1 -10 712.937256 181.642426 800.822876 249.545654 -1 -1 -1 -1000 -1000 -1000 -10 0.999851
Car -1 -1 -10 736.701538 184.860062 868.019287 280.131470 -1 -1 -1 -1000 -1000 -1000 -10 0.999733
Car -1 -1 -10 451.141205 179.849014 548.214111 219.593399 -1 -1 -1 -1000 -1000 -1000 -10 0.999550
Car -1 -1 -10 683.411621 180.872818 730.452698 216.881912 -1 -1 -1 -1000 -1000 -1000 -10 0.999483
Car -1 -1 -10 65.642395 185.080261 378.832825 303.222839 -1 -1 -1 -1000 -1000 -1000 -10 0.998841
Car -1 -1 -10 704.970032 177.074219 758.050293 221.976807 -1 -1 -1 -1000 -1000 -1000 -10 0.989577
Car -1 -1 -10 517.984131 179.883987 575.260498 206.210434 -1 -1 -1 -1000 -1000 -1000 -10 0.879142
Car -1 -1 -10 659.317993 173.930023 682.424683 198.018982 -1 -1 -1 -1000 -1000 -1000 -10 0.878583
Car -1 -1 -10 565.370300 175.924255 594.293274 195.197205 -1 -1 -1 -1000 -1000 -1000 -10 0.759568
