Car -1 -1 -10 635.294189 181.807281 677.148743 216.286987 -1 -1 -1 -1000 -1000 -1000 -10 0.999775
Car -1 -1 -10 385.386902 181.594330 496.520416 223.816162 -1 -1 -1 -1000 -1000 -1000 -10 0.999671
Car -1 -1 -10 321.722504 185.031708 447.312592 234.161301 -1 -1 -1 -1000 -1000 -1000 -10 0.999670
Car -1 -1 -10 743.231750 184.053986 897.028381 241.597137 -1 -1 -1 -1000 -1000 -1000 -10 0.999587
Car -1 -1 -10 213.730774 181.294785 402.678009 258.030121 -1 -1 -1 -1000 -1000 -1000 -10 0.996449
Car -1 -1 -10 528.854004 177.379578 570.397461 198.045059 -1 -1 -1 -1000 -1000 -1000 -10 0.994060
Car -1 -1 -10 22.210800 196.552948 322.776062 324.504700 -1 -1 -1 -1000 -1000 -1000 -10 0.989651
Car -1 -1 -10 919.146423 183.095215 1181.383057 311.313599 -1 -1 -1 -1000 -1000 -1000 -10 0.975914
Car -1 -1 -10 501.935486 179.907578 549.435486 202.536743 -1 -1 -1 -1000 -1000 -1000 -10 0.955437
Car -1 -1 -10 451.924011 180.088333 526.448547 209.954712 -1 -1 -1 -1000 -1000 -1000 -10 0.946773
