Car -1 -1 -10 440.362091 187.022049 502.762634 225.539398 -1 -1 -1 -1000 -1000 -1000 -10 0.999804
Car -1 -1 -10 352.139160 190.798721 446.532654 252.082321 -1 -1 -1 -1000 -1000 -1000 -10 0.999779
Car -1 -1 -10 723.937683 179.215942 869.855469 274.084381 -1 -1 -1 -1000 -1000 -1000 -10 0.999727
Car -1 -1 -10 679.330200 181.067505 750.157654 229.001129 -1 -1 -1 -1000 -1000 -1000 -10 0.999718
Car -1 -1 -10 778.347534 176.384094 1110.192261 352.000000 -1 -1 -1 -1000 -1000 -1000 -10 0.999715
Car -1 -1 -10 204.466156 196.514053 390.500000 290.823425 -1 -1 -1 -1000 -1000 -1000 -10 0.999644
Car -1 -1 -10 651.086243 179.217148 696.518921 209.642609 -1 -1 -1 -1000 -1000 -1000 -10 0.998231
Car -1 -1 -10 495.225220 180.381256 538.138977 208.231628 -1 -1 -1 -1000 -1000 -1000 -10 0.998143
Car -1 -1 -10 46.534397 197.855423 141.999557 233.200623 -1 -1 -1 -1000 -1000 -1000 -10 0.996299
Car -1 -1 -10 554.888916 176.364288 592.193787 196.691498 -1 -1 -1 -1000 -1000 -1000 -10 0.994815
Car -1 -1 -10 0.000000 226.951355 145.043213 343.100616 -1 -1 -1 -1000 -1000 -1000 -10 0.700845
